 1650.51 2544.34 2123.03 1646.54 2074.53 1076.36 818.605
 1650.51 2544.34 2123.03 1646.54 2074.53 1076.36 818.605
 1755.38 2737.6 2292.57 1789.51 2257.95 1169.21 881.901
 1620.92 2505.9 2068.92 1588.43 1987.45 1014.97 733.407
 1631.54 2489.39 2074.45 1608.14 2028.73 1060.36 811.967
 1547.51 2459.43 2073.55 1618.06 2034.67 1040.26 774.768
 1691.87 2601.45 2202.53 1724.42 2182.42 1120.61 837.067
 1686.18 2520.11 2092.58 1620.44 2049.24 1051.22 782.823
 1712.63 2640.36 2222.43 1737.43 2222.56 1169.92 928.739
 1617.07 2446.17 2035.31 1576.34 1988.95 1015.44 742.759
 1644.54 2511.57 2091.59 1624.1 2033.5 1060.47 816.515
 1646.29 2491.69 2068.46 1606.86 2023.73 1046.77 785.334
 1640.3 2566.09 2186.66 1717.09 2159 1112.39 830.531
 1571.37 2523.46 2143.81 1676.4 2098.42 1097.39 838.655
 1606.31 2597.85 2223.21 1747.86 2178.04 1119.88 840.925
 1635.83 2542.22 2148.77 1684.71 2118.75 1103.45 861.861
 1590.74 2457.57 2013.6 1548.27 1937.68 1003.49 733.895
 1631.03 2429.88 1992.98 1536.61 1943.17 986.052 672.881
 1764.33 2652.29 2209.73 1718.92 2157.46 1115.97 822.135
 1621.18 2460.06 2065.57 1606.77 2028.47 1046.99 771.236
 1641.6 2477.3 2082.36 1618.95 2059.05 1076.68 817.69
 1546.8 2348.39 1959.56 1502.8 1857 958.917 711.947
 1584.02 2543.23 2114.2 1634.85 2034.34 1047.76 796.745
 1585.37 2461.78 2034.55 1568.32 1943.6 995.645 735.651
 1665.41 2587.38 2161.08 1678.44 2101.23 1081.85 832.348
 1825.25 2738.25 2281.78 1784.92 2245.26 1176.6 941.163
 1644.71 2536.31 2089.92 1615.44 2054.32 1069.67 801.957
 1708.45 2561.82 2095.55 1621.94 2045 1059.08 819.538
 1686.09 2561.83 2114.6 1631.17 2060.7 1059.2 763.729
 1661.99 2493.56 2043.8 1569.16 1962.99 999.232 708.874
 1671.86 2586.24 2184.45 1704.12 2167.12 1150.45 958.366
 1619.07 2450.08 2040.18 1582.92 2016.24 1035.25 760.063
 1625.29 2519.28 2107.83 1633.12 2050.35 1057.56 813.43
 1591.83 2499.39 2116.1 1657.25 2069.89 1070.11 821.742
 1589.18 2469.4 2056.7 1586.88 1989.59 1009.19 730.463
 1749.3 2581.95 2140.74 1658.73 2122.07 1111.06 831.718
 1726.65 2565.9 2126.95 1644.5 2068.36 1054.95 746.886
 1621.09 2445.99 2015.1 1557.32 1944.38 993.79 729.546
 1808.31 2690.24 2239.1 1753.77 2226.41 1168.01 927.855
 1621.2 2520.06 2101.91 1628.24 2038.39 1056.82 804.547
 1609.71 2515.28 2102.56 1621.05 2053.76 1067.45 806.424
 1701.33 2628.68 2202.39 1725.42 2177.42 1147.4 919.127
 1647.45 2450.11 2014.27 1547.15 1950.71 1010.4 747.479
 1733.73 2681.35 2253.04 1763.27 2236.67 1163.8 881.48
 1600.1 2446.78 2033.41 1566.45 1949.96 986.076 690.689
 1650.56 2522.84 2080.43 1606.99 2012.97 1058.31 849.436
 1641.78 2547.84 2124 1649.28 2062.13 1083.45 825.901
 1643.21 2514.45 2084.08 1608.34 2000.17 1048.72 827.546
 1658.9 2572.26 2142.39 1663.25 2119.25 1123.11 901.73
 1636.04 2547.5 2137.06 1666.3 2092.45 1080.92 815.008
 1721.99 2624.21 2194.43 1714.88 2162.89 1135.92 885.775
 1785.99 2667.62 2246.65 1765.92 2204.55 1147.9 914.067
 1633.95 2492.79 2054.92 1584.21 1969.27 1024.71 763.134
 1680.93 2603.02 2192.36 1715.01 2180.71 1131 848.135
 1797.27 2739.58 2298.93 1807.56 2259.76 1162.91 893.635
 1685.21 2582.01 2135.32 1654.12 2071.47 1071.83 795.85
 1685.81 2497.06 2023.67 1558.01 1979.02 1024.63 751.145
 1664.19 2627.38 2225.31 1750.74 2202.06 1138.4 869.121
 1592.68 2434.85 2010.54 1545.3 1933.67 1004.3 767.926
 1691.04 2563.95 2166.48 1703.17 2168.12 1114.47 838.295
 1671.55 2613.23 2191.61 1708.47 2149.26 1086.94 767.703
 1694.55 2601.69 2175.69 1693.97 2140.36 1084.56 760.167
 1564.44 2425.64 1980.69 1517.61 1882.84 964.567 692.599
 1557.42 2485.39 2097.33 1635.01 2040.05 1054.57 815.614
 1527.74 2395.11 1976.74 1513.38 1893.2 947.538 623.218
 1538.69 2412.07 2009.07 1559.59 1964.71 1006.05 724.072
 1709.42 2555.81 2106.07 1626.58 2058.3 1095.92 884.446
 1556.56 2344.73 1879.3 1417.36 1750.08 906.565 650.957
 1709.56 2580.44 2168.95 1697.46 2126.53 1090.55 802.185
 1679.32 2608.81 2160.45 1677.78 2104.89 1084.69 830.145
 1558.6 2419.04 2018.69 1560.9 1962.57 1024.91 764.688
 1602.93 2494.17 2116.19 1650.13 2077.7 1090.84 864.41
 1568.26 2378.95 1950.06 1502.01 1896.56 994.243 743.47
 1839.04 2715.77 2280.69 1794.28 2294.12 1189.79 902.576
 1631.6 2458.24 2018.36 1556.27 1956.58 1008.02 746.452
 1664.25 2569.03 2171.84 1704.53 2150.82 1098.08 811.701
 1733.07 2620.87 2175.46 1691.64 2105.28 1058.64 770.875
 1630.07 2500.17 2103.09 1646.72 2067.34 1051.67 768.787
 1642.61 2560.58 2140.23 1662.37 2121.75 1100.71 822.549
 1643.79 2451.12 2024.75 1559.28 1958.52 1052.68 864.393
 1663.07 2564.05 2142.63 1667.2 2098.28 1094.77 814.831
 1622.51 2585.35 2170.9 1684.1 2113.81 1104.07 861.043
 1671.74 2613.52 2213.46 1733.13 2188.88 1135.24 868.792
 1695.05 2660.55 2245.48 1754.77 2223.71 1156.31 913.285
 1654.62 2584.91 2178.35 1695 2114.95 1078.72 806.692
 1694.29 2682.84 2236.31 1739.54 2216.41 1160.07 921.699
 1655.89 2524.99 2071.09 1590.34 1972.55 997.059 712.645
 1680.64 2482.52 2020.28 1547.48 1934.26 987.857 706.509
 1581.58 2394.8 1970.57 1513.13 1926.76 1018.21 786.65
 1673.89 2554.82 2127.73 1653.39 2080.95 1094.09 855.183
 1652.26 2538.76 2104.51 1626.22 2045.03 1069.35 836.693
 1538.22 2425.99 2035.6 1574.48 1980.48 1015.21 743.653
 1570.51 2427.51 1994.33 1526.72 1916.37 972.81 673.244
 1564.79 2526.5 2142.31 1671.53 2089.34 1070.17 805.78
 1580.57 2501.11 2101.19 1633.72 2051.05 1074.47 839.314
 1554.18 2465.18 2071.81 1612.22 2027.17 1045.27 775.742
 1483.83 2338.63 1935.34 1482.39 1877.58 986.114 762.487
 1591.79 2480.16 2072.85 1609.94 2033.17 1052.74 801.009
 1560.5 2487.11 2078.74 1606.61 2031.16 1068.17 823.823
 1608.67 2588.47 2198.75 1713.99 2171.18 1117.2 836.578
 1643.79 2580.18 2151.63 1662.38 2067.5 1067.17 793.997
 1505.41 2343.28 1933.01 1475.82 1832.55 931.134 646.225
 1561.2 2375.99 1923.38 1463.2 1833.39 959.55 739.828
 1547.97 2427.43 2017.39 1561.96 1970.22 1022.65 790.744
 1633.27 2502.6 2101.92 1643.83 2058.04 1045.63 776.171
 1649.88 2546.68 2117.66 1647.28 2063.71 1083.36 851.469
 1632.6 2494.08 2059.71 1597.28 2009.33 1039.59 791.752
 1633.53 2452.22 2019.1 1555.16 1956.86 1018.17 762.071
 1563.29 2456.8 2055.74 1598.39 2009.31 1031.92 744
 1608.64 2468.43 2052.06 1595.3 2017.47 1048.85 768.995
 1724.69 2638.65 2187.37 1694.91 2151.21 1129.28 854.776
 1666.12 2584.25 2159.61 1683.35 2109.31 1089.98 829.448
 1639.61 2536.16 2121.33 1658.84 2082.8 1078.72 832.626
 1719.5 2624.1 2200.83 1728.95 2180.08 1131.56 864.896
 1633.26 2522.29 2116.58 1646.77 2062.02 1050.6 755.788
 1664.7 2519.69 2088.22 1611.26 2020.19 1046.85 783.374
 1497.02 2310.04 1894.83 1445.91 1799.68 950.584 752.17
 1674.46 2606.5 2158.32 1671.21 2103.9 1107.09 889.92
 1751.63 2659.42 2213.22 1725.19 2150.59 1101.77 815.35
 1729.46 2667.68 2253.19 1765.85 2215.61 1131.86 839.941
 1791.45 2659.9 2241.17 1753.85 2205.16 1145.62 887.336
 1649.69 2555 2164.09 1701.57 2158.45 1136.34 892.054
 1573.11 2494.93 2089.72 1618.52 2043.74 1096.17 900.324
 1601.21 2530.16 2101.79 1623.69 2027.53 1050.29 801.964
 1638.49 2522.79 2093.65 1616.95 2018.25 1038.65 773.386
 1543.2 2389.71 1996.28 1543.73 1944.88 1013.22 754.332
 1607.92 2468.29 2041.06 1579.33 1989.7 1034.11 782.647
 1627.74 2550.6 2106.75 1627.18 2039.6 1053.43 774.1
 1697.78 2581.85 2169.53 1697.19 2157.77 1110.3 817.791
 1598.87 2522.71 2098.12 1616.48 2049.71 1063.39 819.546
 1660.74 2496.6 2060.72 1596.54 2022.73 1057.07 801.058
 1582.55 2470.9 2073.04 1610.65 2027.8 1048.02 780.313
 1734.49 2589.43 2116.77 1629.42 2064.7 1061.06 757.337
 1781.71 2653.8 2203.43 1716.32 2170.03 1112.06 817.951
 1707.04 2581.43 2131.44 1646.59 2080.08 1083.53 798.853
 1806.7 2700.16 2261.31 1760.02 2234.24 1152.19 852.986
 1751.94 2605.12 2173.2 1686.57 2141.17 1100.06 798.774
 1805.72 2652.83 2228.78 1747.02 2226.58 1159.97 910.095
 1732.97 2595.66 2160.32 1675.93 2128.54 1087.22 769.825
 1531.04 2311.84 1902.68 1456.45 1838.52 950.452 674.574
 1702.83 2481.27 2057.65 1597.08 2002.51 1039.61 789.893
 1745.56 2564.86 2119.68 1643.36 2066.35 1078.68 853.763
 1776.01 2624.27 2186.37 1705.6 2134.21 1098.73 834.025
 1883.71 2762.73 2334.12 1834.78 2312.59 1174.03 874.454
 1631.55 2457.28 2009.48 1538.94 1934.98 989.494 716.357
 1716.82 2613.45 2177.91 1684.59 2123.48 1089.12 797.014
 1764.13 2661.48 2183.34 1684.69 2116.61 1111.35 858.188
 1655.05 2530.96 2083.04 1599.47 2046.8 1076.25 813.087
 1696.09 2523.57 2073.77 1594.58 2002.06 1042.38 819.477
 1644.58 2602.38 2205.15 1722.2 2176.1 1112.2 809.914
 1578.68 2446.59 2034.05 1575.35 2006.66 1044.46 794.996
 1666.87 2504.57 2075.5 1599.91 1981.16 1003.7 703.64
 1595.73 2432.61 2013.03 1553.2 1945.91 994.74 704.929
 1609.23 2460 2069.51 1609.27 2021.67 1051 787.581
 1620.35 2517.74 2098.57 1625.27 2053.65 1074.94 821.653
 1680.66 2583.94 2181.4 1707.97 2155.83 1129.65 878.945
 1720.4 2689.34 2302.89 1819.98 2300.3 1178.39 930.802
 1680.2 2543.57 2108.61 1631.19 2021.7 1016.82 759.993
 1650.13 2494.61 2080.78 1612.06 2077.23 1105.24 851.512
 1482.3 2328.86 1948.01 1507.34 1909.01 1011.69 791.365
 1561.7 2486.36 2120.52 1669.73 2110.65 1090.54 811.452
 1596.27 2544.2 2198 1743.2 2197.02 1124.21 848.179
 1558.78 2462.79 2057.89 1594.02 1998.25 1008.48 729.36
 1668.37 2563.67 2169.03 1696.64 2132.83 1106.16 848.175
 1725.76 2646.82 2243.03 1757.75 2232.19 1149.81 853.857
 1713.01 2592.25 2157.62 1672.84 2102.14 1078.99 764.276
 1666.19 2496.58 2063.11 1589.83 1997.45 1022.66 743.73
 1543.83 2391.96 1992.89 1531.16 1943.93 1025.28 779.104
 1719.43 2618.86 2193.73 1720.55 2212.63 1173.69 920.379
 1801.59 2633.08 2186.07 1700.06 2160.25 1155.17 902.004
 1788.2 2660.57 2256.5 1777.25 2255.95 1170.38 862.27
 1820.8 2676.74 2237.93 1746.67 2216.41 1141.83 847.459
 1803.03 2682.84 2268.06 1781.37 2254.57 1160.8 858.325
 1830.73 2716.83 2311.71 1824.5 2295.63 1160.54 832.677
 1765.18 2572.56 2111.66 1625.14 2049.23 1045.68 730.438
 1768.65 2616.4 2163.34 1669.41 2085.22 1053.69 717.226
 1857.76 2720.18 2264.14 1766.34 2224.42 1148.91 877.437
 1756.84 2601.7 2172.02 1686.52 2128.19 1102.36 847.636
 1664.4 2457.36 2017.45 1549.44 1956.98 1014.71 740.674
 1630.33 2361.28 1921.45 1465.97 1839.32 947.447 647.719
 1744.52 2555.6 2112.81 1646.1 2074.04 1071.79 803.354
 1759 2594.16 2176.7 1705.37 2165.33 1107.76 817.089
 1692.11 2536.51 2102.02 1625.1 2046.19 1028.86 704.921
 1777.21 2587.76 2118.17 1624.5 2025.42 1013.18 675.309
 1659.24 2447.26 2014.3 1542.33 1943.33 980.921 636.845
 1688.37 2582.42 2164.26 1682.05 2147.79 1120.43 826.41
 1760.76 2666.45 2257.44 1772.28 2250.23 1155.42 857.792
 1650.49 2464.96 2030.69 1562.51 1984.51 1016.77 723.925
 1790.56 2669.03 2222.04 1737.46 2189.11 1111.47 801.029
 1719.72 2587.52 2153.98 1674.3 2105.82 1049.63 704.103
 1838.65 2722.83 2251.91 1741.88 2174.2 1095.38 813.612
 1774.4 2688.53 2257.16 1758.59 2213.26 1114.76 808.175
 1702.61 2553.13 2078.25 1585.03 2007.88 1022.92 701.088
 1645.33 2449.99 1989.64 1510.81 1906.95 978.885 681.298
 1735.06 2618.43 2171.41 1671.79 2113.71 1092.41 789.667
 1719.95 2555.64 2077.21 1593.95 2019.8 1044.62 728.805
 1743.72 2599.94 2154.57 1664.66 2093.1 1080.93 788.692
 1799.83 2630.17 2150.38 1658.45 2090.75 1087.77 810.335
 1734.06 2569.75 2128.67 1650.17 2115.11 1099.54 808.772
 1716.66 2574.56 2122.71 1636.85 2068.54 1053.49 738.302
 1746.79 2564.1 2093.14 1607.97 2014.33 1018.09 699.132
 1799.47 2589.14 2097.66 1599.23 1995.45 1029.72 755.466
 1709.5 2517.59 2049.71 1574.03 1993.54 1038.47 790.85
 1873.99 2804.06 2369.35 1866.47 2364.06 1225.97 974.818
 1831.46 2677.66 2221.37 1730.06 2170.91 1122.59 882.991
 1775.78 2658.01 2205.62 1706.33 2145.06 1099.1 820.057
 1621.24 2510.77 2102.78 1639.91 2058.94 1070.15 836.133
 1566.56 2399.16 1979.41 1526.48 1899.4 980.024 721.555
 1552.95 2361.87 1960.66 1507.78 1917.85 1002.17 733.828
 1880.83 2780.81 2362.42 1861.16 2369.1 1238.5 969.63
 1864.39 2817.15 2389.71 1881.32 2353.86 1208.32 955.428
 1802.79 2712.35 2337.62 1856.4 2333.58 1197.7 917.483
 1713.62 2560.05 2125.13 1650.93 2062.6 1043.44 735.691
 1642.63 2600.16 2157.52 1669.67 2113.48 1104.18 834.685
 1611.72 2422.84 1992.65 1537.43 1958.13 1013.95 722.927
 1635.59 2538.15 2161.71 1695.19 2143.79 1095.23 811.712
 1611.77 2451.41 2039.24 1571.29 1962.79 999.265 706.137
 1602.38 2488.62 2088.35 1618.94 2035.25 1042.17 729.423
 1673.78 2590.01 2169.65 1691.42 2116.63 1093.65 845.051
 1694.83 2546.06 2104.32 1632.63 2060.03 1053.29 760.232
 1681.8 2533.06 2102.9 1639.13 2063.55 1061.02 787.95
 1654.36 2546.14 2139.08 1667.65 2084.38 1078.61 841.753
 1537.65 2415.03 2017.47 1559.62 1980.87 1020.27 759.915
 1549.46 2370.03 1949.35 1489.96 1891.18 999.667 777.792
 1657 2547.24 2140.07 1665.32 2110.51 1099.68 854.361
 1674.93 2527.63 2091.01 1611.68 2002.93 1020.97 753.857
 1613.89 2517.91 2106.35 1628.19 2042.29 1051.07 780.181
 1709.55 2588.29 2109.39 1622.48 2067.4 1088.83 824.404
 1657.8 2572.8 2179.92 1713.27 2160.64 1132.07 860.527
 1628.34 2497.19 2070.43 1591.39 1969.51 1021.23 746.461
 1597.24 2553.96 2169.75 1697.57 2126.34 1123.56 880.956
 1644.12 2525.55 2124.04 1652.85 2054.66 1063.6 793.298
 1697.05 2654.69 2253.76 1773.28 2255.09 1179.13 925.977
 1715.05 2574.37 2144.24 1661.22 2070.83 1052.13 757.417
 1738.9 2597.4 2180.84 1702 2129.35 1087.7 799.542
 1708.19 2605.34 2209.74 1735.66 2177.79 1118.4 872.302
 1627 2478.31 2073.22 1602.8 2009.71 1026.57 748.596
 1770.03 2660.99 2229.04 1742.74 2192.19 1137.25 844.372
 1794.45 2647.83 2210.27 1726.71 2189.24 1141.71 893.948
 1687.75 2527.32 2116.41 1655.66 2083.94 1087.45 868.289
 1553.06 2494.35 2103.73 1635.79 2072.9 1084.8 860.13
 1642.2 2506.22 2082.68 1614.13 2056.33 1077.34 838.258
 1691.85 2520.18 2043.57 1555.39 1958.3 1011.13 720.784
 1600.85 2464.57 2016.52 1540.97 1931.2 987.441 716.438
 1607.76 2454.98 2039.71 1576.58 1979.03 1023.34 758.176
 1492.75 2464.85 2117.18 1662.74 2100.7 1090.26 833.132
 1638.55 2527.98 2104.44 1626.22 2072.84 1078.35 804.098
 1628.14 2592.01 2200.55 1711.49 2167.56 1119.71 840.155
 1775.52 2682.09 2261.89 1771.31 2237.02 1152.22 905.684
 1616.3 2515.33 2095.29 1623.63 2045.04 1075.74 847.116
 1776.24 2648.64 2187.44 1689.5 2104.67 1065.24 774.34
 1479.97 2439.19 2028.86 1565.9 1981.1 1035.56 778.234
 1600.57 2562.96 2154.8 1678.74 2096.67 1105.62 864.054
 1709.84 2630.22 2197.82 1715.46 2184.59 1124.45 835.361
 1679.88 2661.91 2279.68 1807.76 2287.82 1190.17 919.554
 1558.9 2430.64 2001.45 1536.99 1914.64 1013.48 803.607
 1627.14 2530.86 2114.45 1646.4 2061.83 1076.62 819.443
 1610.24 2472.17 2063.2 1602.85 2011.82 1039.85 784.696
 1549.43 2468.4 2075.46 1613.28 2018.54 1049.89 787.127
 1682.63 2502.23 2077.53 1607.71 2010.44 1040.14 765.11
 1611.49 2521.85 2139.57 1673.94 2116.12 1130.11 927.776
 1576.78 2471.06 2039.08 1569.77 1968.13 1010.93 748.149
 1679.9 2610.04 2222.3 1745.92 2191.41 1163.14 948.043
 1555.34 2459.24 2074.13 1613.06 2034.16 1059.14 796.101
 1611.59 2496.69 2093.88 1630.38 2067.92 1074.59 796.049
 1660.23 2617.62 2245.71 1777.97 2249.3 1156.24 883.677
 1593.3 2536.89 2164.89 1699.96 2142.4 1109.02 878.669
 1538.65 2413.61 2022.72 1572.52 1980.95 1024.03 776.18
 1466.18 2357.26 1956.97 1503.42 1859.65 963.509 704.578
 1600.42 2482.54 2058.12 1583.22 1979.51 1007.02 706.707
 1597.27 2395.77 1915.61 1448.43 1826.41 935.048 638.591
 1632.42 2441.07 1988.79 1523.41 1950.73 1018.75 741.616
 1677.66 2499.65 2054.53 1576.65 1974.95 998.679 696.305
 1602.18 2490.19 2046.87 1570.8 1944.67 976.552 669.896
 1595.25 2477.79 2063.2 1604.45 2015.58 1040.25 764.69
 1590.72 2482.9 2055.9 1589.27 1996.6 1045.72 815.288
 1583.06 2566.39 2185.13 1704.34 2143.31 1104.48 880.068
 1728.05 2722.93 2319.28 1832.69 2308.1 1182.77 896.586
 1755.3 2649.09 2220.29 1748.82 2208.02 1148.37 917.867
 1666.57 2537.55 2112.22 1646.83 2083.86 1097.58 893.968
 1733.91 2655.99 2235.6 1762.19 2240.8 1162.78 905.701
 1722.78 2511.25 2044.42 1569.79 1976.82 1009.27 704.321
 1663.15 2555.21 2129.53 1661.45 2127.54 1111.07 854.162
 1536.72 2363.67 1936.75 1485.12 1899.35 1015 798.426
 1665.49 2589.81 2134.28 1653.64 2088.36 1085 842.98
 1682.73 2574.21 2151.28 1672.15 2077.56 1061.13 793.555
 1678.74 2581.13 2152.2 1674.07 2091.18 1075.08 821.844
 1542.32 2381.75 1970.37 1509.43 1865.19 941.233 669.317
 1613.29 2450.48 2045.08 1580.49 1980.93 992.086 673.519
 1647.02 2503.99 2071.43 1590.85 1989.88 1006.29 690.161
 1601.42 2499.11 2069.72 1588.92 1971.04 1006.35 753.003
 1547.55 2347.63 1931.25 1479.53 1841 950.318 705.619
 1735.94 2699.28 2317.05 1845.68 2332.92 1197.42 914.342
 1763.72 2656.43 2214.39 1726 2197.19 1142.63 861.434
 1665.27 2510.74 2074.49 1608.32 2039.91 1047.73 776.213
 1588.57 2476.4 2039.12 1564.14 1945.74 1007.18 754.269
 1604.53 2517.53 2104.06 1633.65 2067.06 1086.06 860.632
 1612.89 2463.16 1997 1527.82 1909.76 994.525 745.58
 1621.18 2542.85 2137.2 1659.63 2111.04 1100.77 838.052
 1653.49 2500.4 2047.42 1570.69 2007.75 1068.36 835.129
 1628.17 2506.82 2090.42 1621.23 2032.43 1043.29 776.117
 1761.6 2614.33 2140.45 1646.72 2070.2 1058.97 766.416
 1717.42 2572.38 2140.7 1666.77 2106.91 1095.65 838.87
 1729.71 2652.67 2240.56 1759.56 2219.81 1167.2 945.295
 1577.01 2394.14 1978.53 1525.95 1918.54 985.53 705.513
 1600.36 2449.87 2030.34 1569.29 1970.34 1022.89 792.361
 1735.95 2674.29 2252.54 1761.66 2187.7 1132.74 885.226
 1628.29 2505.97 2088.89 1617.79 2012.36 1031.01 762.271
 1637.78 2517.43 2088.89 1614.88 2021.04 1016.28 730.787
 1667.17 2564.94 2112.13 1621.11 2027.43 1032.49 764.706
 1652.6 2524.16 2126.61 1664.84 2113.34 1093.86 840.818
 1697.92 2616.75 2188.7 1701.67 2147.5 1105.72 845.105
 1691.74 2558.86 2141.74 1665.58 2103.15 1064.92 745.583
 1738.9 2586.7 2150.83 1664.52 2108.58 1085.25 799.706
 1727.5 2559.13 2119.32 1646 2092.13 1073.88 764.619
 1688.67 2516.96 2043.45 1560.32 1938.21 967.581 674.333
 1633.22 2515.84 2118.18 1647.93 2054.89 1045.28 784.136
 1668.8 2594.19 2170.49 1678.68 2092.7 1064.67 791.014
 1566.53 2457.42 2034.4 1573.75 1996.82 1051.45 798.444
 1573.39 2411.27 1994.33 1543.26 1953.98 1037.33 837.134
 1619.49 2481.31 2083.6 1624.35 2044.86 1061.58 841.382
 1621.81 2536.68 2136.47 1669.21 2100.34 1085.4 817.792
 1636 2620.19 2258.1 1786.35 2242.1 1148.3 895.478
 1569.42 2507.74 2113.16 1652.75 2099.47 1087.74 838.837
 1568.78 2464.24 2088.98 1635.52 2072.3 1070.17 828.305
 1552.1 2462.6 2062.58 1601.7 2037.74 1064.3 841.722
 1724.33 2694.95 2309.52 1835.83 2305.99 1203.22 995.167
 1685.31 2684.61 2310.45 1827.6 2306.63 1190.6 933.085
 1764.45 2665.86 2241.13 1750.99 2211.06 1127.02 809.282
 1718.69 2573.89 2165.09 1698.63 2150.88 1110.75 838.195
 1626 2460 2049.48 1600.53 2017.88 1062.03 820.503
 1661.7 2509.75 2102.97 1642.19 2089.31 1099.3 865.405
 1734.74 2605.1 2155.74 1671.92 2109.87 1085.52 807.972
 1756.68 2622.59 2167.12 1684.35 2127.19 1085.96 791.49
 1682.21 2574.45 2138.58 1665.71 2082.98 1068.7 816.275
 1665.76 2449.02 1987.24 1518.25 1894.34 965.936 686.951
 1634.89 2517.63 2110.37 1639.65 2086.88 1083.4 802.298
 1704.17 2578.49 2136.77 1654.39 2097.2 1077.27 776.191
 1735.37 2677.69 2243.37 1744.6 2208.27 1137.63 838.326
 1547.88 2448.84 2046.44 1581.67 1973.4 1026.27 772.296
 1555.75 2462.15 2063.92 1596.4 1993.03 1040.48 806.458
 1572.26 2468.09 2071.37 1608.77 2007.9 1062.84 852.608
 1628.67 2549.43 2166.57 1708.06 2137.02 1084.04 820.766
 1541.22 2432.76 2053.72 1600.14 2017.13 1042.02 780.05
 1649.51 2562.47 2189.56 1732.12 2205.31 1166.46 929.538
 1668.24 2690.33 2304.81 1814.27 2271.52 1179.03 919.325
 1605.74 2581.2 2202.27 1727.87 2167.52 1135.77 895.576
 1511.49 2414.16 2026.23 1563.41 1938.77 1015.49 777.631
 1643.82 2595.25 2174.09 1695.42 2119.53 1118.52 903.411
 1605.86 2545.84 2152.05 1683.34 2136.14 1128.55 920.104
 1621.42 2605.36 2251.03 1797.2 2297.17 1219.69 998.494
 1640 2567.74 2194.37 1738.34 2224.39 1176.65 934.922
 1529.09 2453.2 2068.44 1615.75 2062.44 1078.67 816.362
 1542 2420.61 2007.51 1557.13 1982.93 1036.11 797.977
 1532.65 2317.84 1904.61 1459.6 1842.87 955.776 681.967
 1688.76 2536.37 2117.48 1653.05 2073.81 1067.1 808.493
 1610.95 2552.57 2166.05 1700.71 2139.17 1097.15 799.614
 1661.3 2531.46 2091.2 1629.43 2053.11 1060.6 833.949
 1648.3 2540.31 2111.7 1652.36 2083.73 1081.59 830.969
 1608.03 2429.18 1971.67 1511.9 1886.03 957.506 689.386
 1580.48 2468.67 2041.52 1576.65 1969.16 1011.57 700.276
 1616.01 2556.07 2148.05 1683.36 2115.51 1092.71 789.029
 1614.35 2567.37 2162.62 1687.51 2096.47 1064.57 741.754
 1638.08 2661.47 2272.12 1791.17 2253.39 1152.11 840.049
 1492.05 2423.58 2026.31 1574.25 2007.01 1069.78 841.103
 1539.67 2446.04 2043.03 1584.88 2014.09 1087.95 894.373
 1578.99 2464.03 2060.61 1609.53 2025.36 1056.89 858.796
 1552.22 2447.29 2059.48 1602.34 2005.89 1029.55 803.509
 1478.29 2298.82 1903.26 1457.01 1799.62 912.139 651.991
 1572.81 2388.56 1957.15 1499.65 1864.11 962.092 709.899
 1550.5 2479.55 2118.16 1652.18 2058.51 1040.85 772.154
 1577.98 2571.58 2219.6 1746.94 2187.73 1106.56 840.763
 1593.33 2570.5 2191.26 1720.83 2149.86 1099.64 824.687
 1633.3 2506.4 2094.37 1628.05 2039.66 1067.13 839.845
 1601.36 2475.49 2059.47 1596.69 1986.99 1030.7 800.421
 1540.77 2408.52 2014.62 1561.46 1953.1 1015.37 763.923
 1583.21 2524.89 2142.64 1679.56 2111.14 1075.04 799.814
 1644.24 2617.18 2223.52 1747.35 2194.3 1130.82 863.283
 1555.16 2452.88 2077.03 1627.61 2029.58 1029.45 729.531
 1538.46 2445.96 2059.43 1608.06 2039.59 1069.37 812.826
 1609.17 2525.45 2124.12 1660.44 2091.96 1077.92 823.466
 1638.2 2602.13 2207.83 1732.63 2173.38 1124.6 862.57
 1536.19 2420.02 2022.35 1566.79 1955.15 1014.33 758.24
 1626.45 2496.62 2060.67 1591.47 1993.41 1034.26 777.163
 1678.61 2541.09 2120.14 1653.46 2071.43 1067.57 822.171
 1517.01 2394.91 1971.38 1513.96 1908.61 982.953 732.626
 1606.82 2527.28 2135.19 1675.24 2098.8 1088.59 822.413
 1648.29 2564.09 2180.99 1719.44 2149.42 1106.11 836.868
 1568.55 2538.09 2177.27 1722.23 2162.98 1128.44 883.452
 1573.18 2547.63 2182.36 1721.99 2157.34 1126.19 900.831
 1564.64 2512.39 2127.26 1660.95 2072.35 1085.89 878.687
 1588.34 2556.36 2148.8 1678.93 2100.06 1119.74 925.717
 1667.71 2628.22 2209.5 1733.54 2171.52 1145.76 937.894
 1644.28 2564.44 2153.12 1684.45 2104.81 1086.87 826.936
 1570.06 2434.23 2024.09 1563.41 1943.53 1021.31 813.91
 1595.19 2537.23 2136.84 1668.17 2084.19 1098.81 931.541
 1587.27 2508.47 2129.52 1671.45 2091.25 1119.99 961.462
 1602.67 2553.86 2154.52 1686.59 2097.12 1087.42 863.452
 1620.41 2530.54 2118.09 1653.44 2054.94 1071.86 873.71
 1710.5 2609.12 2171.88 1696.31 2104.56 1099.88 919.106
 1628.55 2542.21 2107.11 1636.51 2040.39 1056.19 864.062
 1559.12 2469.47 2062.33 1603.32 1985.68 998.152 734.574
 1524.6 2501.67 2136.23 1678.12 2107.73 1093.31 855.618
 1519.5 2484.88 2122.35 1667.1 2113.31 1099.47 866.531
 1542.57 2450.12 2063.56 1610.4 2033.65 1054.45 803.828
 1585.06 2557.17 2179.33 1716.25 2157.36 1116.2 883.424
 1585.33 2546.4 2142.49 1666.65 2082.21 1098.39 893.317
 1594.94 2575.98 2211.46 1744.13 2195.45 1141.53 915.47
 1643.39 2594 2204.34 1734.48 2208.65 1153.76 909.688
 1611.72 2540 2127.21 1658.86 2095.38 1064.11 769.97
 1582.45 2535.83 2110.92 1639.4 2054.91 1045.69 776.194
 1583.8 2591.39 2200.41 1721.06 2164.26 1109.53 830.191
 1508.18 2445.17 2028.12 1556.96 1947.61 994.968 728.732
 1539.85 2482.53 2056.13 1583.34 2004.75 1055.08 797.004
 1551.73 2419.17 1964.18 1495.2 1865.15 970.102 720.331
 1518.68 2403.29 1988.81 1532.43 1919.05 1017.6 826.5
 1557.34 2462.15 2041.74 1576.16 1968.87 1033 809.155
 1534.41 2378.5 1954.79 1502.94 1871.54 972.874 750.165
 1529.28 2439.38 2047.47 1593.54 1998.42 1061.84 871.658
 1529.14 2471.97 2094.51 1632.71 2043.59 1074.91 857.903
 1618.93 2553.77 2144.88 1680.88 2109.7 1092.74 836.815
 1645.94 2600.25 2199.43 1721.82 2145.68 1123.72 876.577
 1676.85 2631.94 2220.86 1740.69 2173.2 1126.71 861.05
 1649.69 2659.11 2261.46 1777.11 2226.6 1157.21 899.674
 1576.65 2557.6 2169.68 1688.68 2089.94 1082.66 823.446
 1529.12 2373.79 1979.99 1534.53 1919.77 1007.73 771.096
 1589.45 2544.45 2167.52 1696.68 2112.11 1100.68 857.562
 1559.44 2431.94 2019.57 1558.38 1928.98 998.617 741.743
 1597.53 2510.79 2108.03 1631.65 2027.95 1073.62 832.726
 1579.98 2483.81 2117.28 1656.14 2071.87 1092.53 860.406
 1617.86 2502.04 2114.86 1656.02 2084.29 1101.75 884.899
 1601.56 2495.02 2095.47 1632.55 2045.88 1068.22 855.633
 1663.97 2687.55 2310.1 1829.44 2290.84 1179.04 947.458
 1616.42 2539.07 2144.15 1686.3 2113.21 1070.31 791.277
 1554.63 2464.41 2089.7 1634.54 2042.41 1056.03 798.064
 1464.1 2428.19 2047.93 1583.71 1967.87 990.492 696.597
 1542.13 2484.29 2091.45 1626.13 2044.48 1048.82 770.34
 1560.44 2495.75 2133.05 1682.65 2131.26 1131.88 937.322
 1533.22 2499.37 2116.21 1651.57 2073.11 1078.41 841.521
 1475.13 2369.23 1980.01 1525.03 1910.21 992.203 734.242
 1554.7 2530.36 2139.23 1665.54 2079.8 1057.2 762.994
 1556.98 2374.02 1928.64 1471.53 1846.52 960.642 697.475
 1630.22 2528.08 2108.34 1653.38 2085.77 1093.34 837.118
 1564.16 2400.19 1954.98 1484.88 1874.75 991.911 746.282
 1596.13 2379.18 1931.39 1469.56 1848.04 933.621 638.332
 1637.95 2444.01 2008.6 1544.84 1934.57 995.36 707.874
 1599.25 2478.29 2077.04 1608.31 2011.07 1018.21 720.386
 1673 2569.14 2161.64 1684.17 2126.66 1127.36 905.364
 1605.66 2468.74 2049.31 1583.03 1986.73 1026.65 765.574
 1727.46 2563.61 2111.3 1626.06 2048.25 1044.13 759.359
 1565.25 2451.99 2042.5 1580.21 1985.7 1010.7 714.149
 1610.87 2485.07 2072.55 1607.79 2010.72 1026.35 770.616
 1648.78 2491.84 2060.24 1588.72 1992.11 1037.11 814.901
 1627.47 2511.69 2116.8 1656.87 2096.31 1101.98 858.238
 1604.91 2408.68 1976.71 1516.52 1907.45 1003.26 776.485
 1579.05 2482.82 2101.81 1640.54 2082.24 1063.91 778.707
 1626.44 2571.27 2136.11 1658.86 2097.74 1096.48 860.255
 1615.15 2552.92 2121.8 1641.69 2067.54 1060.02 795.517
 1667.62 2554.33 2117.99 1635.94 2045.35 1062.62 803.997
 1632.06 2564.98 2145.11 1667.26 2111.19 1063.88 746.989
 1571.64 2289.14 1823.65 1363.66 1702.76 871.615 597.181
 1600.83 2387.42 1926.19 1463.62 1865.24 972.682 703.568
 1702.34 2593.47 2167.41 1685.31 2138.9 1104.7 817.015
 1623.83 2568.3 2164.42 1686.69 2131.61 1133.25 920.809
 1522.34 2387.29 1993.5 1539.81 1942.39 1024.28 789.485
 1570.44 2426.59 2030.59 1569.29 1971.04 1042.92 828.252
 1688.12 2545.02 2126.09 1650.46 2065.4 1090.37 870.374
 1641.95 2569.97 2140.57 1653.28 2039.81 1042.94 776.628
 1681.7 2565.49 2116.47 1631.84 2043.56 1063.43 795.507
 1575.09 2470.5 2096.9 1628.99 2046.29 1053.64 776.303
 1651.47 2495.86 2055.53 1581.98 1993.58 1034.93 770.119
 1644.01 2539.72 2131.92 1661.31 2093.25 1100.08 848.476
 1678.39 2687.52 2248.81 1743.74 2190.39 1117.99 833.969
 1641.95 2530.34 2107.42 1634.42 2020.65 1031.92 796.762
 1697.52 2581.86 2170.6 1694.15 2109.57 1079.99 839.024
 1744.73 2588.63 2167.1 1687.64 2102.2 1094.56 877.113
 1614.77 2496.1 2089.53 1625.25 2041.46 1043.38 740.967
 1682.18 2587.53 2133.83 1643.47 2060.32 1046.69 757.105
 1660.87 2559.71 2136.39 1656.06 2091.01 1081.01 826.573
 1744.45 2620.53 2194.41 1712.1 2170.33 1115.43 842.014
 1528.16 2351.01 1956.27 1507.17 1915.32 982.473 695.886
 1646.37 2535.58 2154.36 1687.16 2147.47 1113.93 845.302
 1677.48 2637.95 2219.32 1726.42 2174.68 1123.7 864.72
 1562.04 2437.06 2005.06 1538.49 1938.61 1020.93 781.249
 1563.25 2506.29 2113.76 1638.45 2049.13 1061.43 826.003
 1637.05 2548.11 2146.08 1674.1 2091.16 1066 799.938
 1500.14 2434.5 2026.18 1550.01 1933.16 975.847 676.344
 1595.49 2485.72 2041.61 1572.97 2003.04 1056.5 809.855
 1586.55 2387.32 1963.84 1506.44 1896.13 985.731 765.344
 1718.61 2661.85 2255.34 1773.74 2252.46 1170.77 931.685
 1614.04 2475.24 2071.22 1616.79 2043.95 1069.59 808.556
 1549.61 2451.49 2048.63 1583.8 2013.41 1075.94 889.106
 1657.75 2514.85 2094.95 1625.04 2044.18 1067.88 851.59
 1581.71 2452.11 2044.39 1583.52 1994.42 1025.89 776.104
 1655.72 2522.21 2130.89 1665.53 2112.41 1101.46 814.679
 1751.12 2648.28 2219.16 1742.16 2216.13 1145.09 900.255
 1750.37 2584.38 2101.55 1618.31 2047.9 1063.41 801.396
 1546.82 2475.15 2052.01 1574.56 1960.1 985.257 702.395
 1734.87 2596.18 2158.73 1691.6 2142.04 1126.68 905.486
 1616.25 2505.93 2099.71 1638.96 2094.02 1096.91 842.17
