 0.086857 0.20604 0.30463 0.158636 0.0428556 0.117346 0.511002
 0.086857 0.20604 0.30463 0.158636 0.0428556 0.117346 0.511002
 0.0816016 0.189975 0.286542 0.145364 0.0396271 0.108347 0.495205
 0.0868326 0.209289 0.311369 0.164088 0.0448118 0.125284 0.559538
 0.0883723 0.21128 0.305539 0.161041 0.0434349 0.118802 0.512211
 0.0919947 0.213168 0.309387 0.161658 0.0442778 0.124012 0.536061
 0.0858007 0.196572 0.295039 0.152996 0.0411105 0.115012 0.504964
 0.0855239 0.204681 0.307168 0.160659 0.0434259 0.117782 0.524588
 0.0818257 0.200256 0.290526 0.147775 0.0397536 0.1077 0.455967
 0.0887114 0.211475 0.31857 0.163841 0.0440167 0.121951 0.550787
 0.0879287 0.206393 0.311106 0.158674 0.0435849 0.117277 0.506128
 0.0885907 0.210689 0.314191 0.163218 0.0436997 0.120109 0.518838
 0.0856702 0.202127 0.296787 0.152315 0.0421246 0.112512 0.500517
 0.0888929 0.206759 0.303392 0.158215 0.0429384 0.115178 0.498644
 0.0881402 0.202263 0.297321 0.151077 0.0412465 0.113804 0.500721
 0.0864813 0.203242 0.302639 0.155892 0.0422337 0.11504 0.486328
 0.0877758 0.209908 0.323574 0.164583 0.0457049 0.123748 0.555779
 0.0881533 0.216946 0.323088 0.16645 0.0462104 0.129196 0.613273
 0.0835722 0.200954 0.299202 0.15343 0.0426401 0.114946 0.519104
 0.0886968 0.210021 0.305669 0.162341 0.0436966 0.117807 0.531808
 0.089296 0.212437 0.309026 0.16094 0.0427422 0.112961 0.501143
 0.0941522 0.22756 0.329428 0.175613 0.0497072 0.127829 0.564271
 0.0886931 0.208196 0.31503 0.1599 0.0445504 0.119237 0.528065
 0.0896995 0.212797 0.316028 0.16343 0.0462981 0.127551 0.555125
 0.0854549 0.207409 0.297253 0.15776 0.0422773 0.11869 0.501996
 0.0797086 0.192603 0.284399 0.149491 0.0395972 0.10728 0.451225
 0.0870722 0.209839 0.315625 0.164477 0.0446066 0.117766 0.528478
 0.0834385 0.206367 0.312656 0.161098 0.0432673 0.117929 0.502615
 0.0866496 0.205806 0.308362 0.159045 0.0430238 0.120104 0.537152
 0.087397 0.209122 0.319316 0.169462 0.0454068 0.129133 0.582399
 0.0854301 0.199189 0.294727 0.15401 0.0409585 0.109601 0.438785
 0.0901722 0.20991 0.3128 0.163539 0.0432516 0.122865 0.539509
 0.0862384 0.208431 0.302529 0.161514 0.0432648 0.117506 0.509165
 0.0889781 0.207346 0.301046 0.154292 0.0437011 0.116706 0.503894
 0.0882641 0.210012 0.313838 0.162191 0.0446142 0.124562 0.554548
 0.0841786 0.207676 0.304142 0.160047 0.0422243 0.114281 0.510081
 0.0870752 0.201526 0.307785 0.159907 0.0432293 0.121402 0.562807
 0.0894551 0.214833 0.317937 0.168581 0.0460708 0.127884 0.570644
 0.0812773 0.197981 0.294318 0.151237 0.0403285 0.109621 0.46548
 0.0882283 0.207943 0.305755 0.159326 0.0440234 0.117259 0.52374
 0.0889139 0.208889 0.307843 0.164175 0.0434074 0.119323 0.516021
 0.0842437 0.200395 0.300847 0.148395 0.0407337 0.109755 0.46603
 0.0893231 0.214038 0.316868 0.168766 0.0454308 0.125483 0.552926
 0.0819563 0.195924 0.2872 0.149 0.039896 0.109278 0.489105
 0.0893595 0.212287 0.316311 0.166143 0.0467972 0.127807 0.593162
 0.0874885 0.212994 0.308936 0.163661 0.0441619 0.118552 0.499187
 0.0873322 0.204119 0.307124 0.155507 0.0429745 0.116228 0.507715
 0.0868586 0.212713 0.307663 0.162417 0.0442109 0.118954 0.505081
 0.0856388 0.203945 0.303283 0.156051 0.0416176 0.111591 0.465717
 0.0878024 0.203276 0.301569 0.15462 0.0411452 0.118781 0.513124
 0.0823018 0.199167 0.293409 0.151821 0.0404506 0.110021 0.478849
 0.0809936 0.199442 0.286617 0.145984 0.0405731 0.109422 0.46317
 0.0893942 0.211174 0.316477 0.165209 0.0448183 0.123015 0.547205
 0.085394 0.203171 0.300146 0.154927 0.0403059 0.111396 0.501118
 0.0814996 0.194151 0.286625 0.146053 0.0400996 0.111209 0.483808
 0.0852606 0.207166 0.30397 0.161073 0.0432407 0.119192 0.527758
 0.0856703 0.211026 0.316627 0.165336 0.0448905 0.122869 0.546791
 0.0848899 0.201426 0.291711 0.148017 0.0407651 0.111203 0.48675
 0.0873416 0.21343 0.317459 0.165572 0.0445251 0.122801 0.527314
 0.0842892 0.204644 0.293608 0.151013 0.0400651 0.114203 0.50563
 0.0836453 0.20153 0.298308 0.152533 0.0417136 0.116873 0.549594
 0.0831857 0.203129 0.298001 0.15352 0.041605 0.116723 0.552767
 0.0906342 0.218341 0.327565 0.169089 0.0464852 0.129959 0.580048
 0.0893358 0.209559 0.304351 0.1568 0.0422282 0.118501 0.497864
 0.0912634 0.213903 0.32413 0.171589 0.0466386 0.130573 0.639548
 0.092598 0.213789 0.318237 0.1657 0.0452768 0.124215 0.569246
 0.0853746 0.205682 0.303521 0.160547 0.0433055 0.113525 0.477666
 0.0931502 0.225589 0.341419 0.182513 0.0508244 0.134451 0.613602
 0.0852185 0.20758 0.300701 0.154349 0.0418621 0.116258 0.522877
 0.086209 0.205004 0.30355 0.158616 0.0425247 0.12011 0.501127
 0.0917064 0.216857 0.313197 0.166866 0.044032 0.12257 0.543009
 0.0884702 0.210721 0.299341 0.158034 0.0424193 0.113491 0.486253
 0.0910852 0.222153 0.326011 0.171659 0.0461543 0.125715 0.552864
 0.0796736 0.195271 0.285324 0.145134 0.0391415 0.105499 0.475213
 0.0881762 0.210752 0.320239 0.165808 0.0449632 0.123497 0.552564
 0.0860139 0.203235 0.294412 0.152426 0.041649 0.1163 0.520489
 0.0828897 0.197166 0.293521 0.151304 0.0423015 0.118413 0.530479
 0.0897072 0.20795 0.309105 0.157998 0.0426338 0.121466 0.539229
 0.0868416 0.203654 0.303072 0.155602 0.0415929 0.11446 0.508288
 0.0876984 0.211196 0.315239 0.167335 0.0448268 0.119693 0.484061
 0.0866826 0.203183 0.308372 0.158209 0.0427363 0.116974 0.523487
 0.0884948 0.202031 0.306058 0.159609 0.0432752 0.115032 0.490801
 0.0870468 0.20432 0.298835 0.154623 0.0409436 0.114643 0.497188
 0.0856157 0.200424 0.289271 0.150951 0.040306 0.111226 0.467148
 0.0880751 0.204234 0.299434 0.157303 0.0425241 0.118752 0.524663
 0.0838022 0.198598 0.297624 0.151101 0.0392183 0.111182 0.461475
 0.0865715 0.204935 0.31424 0.163565 0.0460241 0.128349 0.57357
 0.0862463 0.214213 0.320039 0.16915 0.046026 0.130128 0.583611
 0.0924439 0.217429 0.321677 0.172567 0.0446234 0.124368 0.529502
 0.0855341 0.206292 0.303926 0.159476 0.0424629 0.116461 0.49654
 0.0868751 0.204136 0.304713 0.160579 0.0430369 0.11848 0.498763
 0.0922591 0.212974 0.316817 0.165451 0.0438726 0.124862 0.553579
 0.0905893 0.217819 0.319335 0.16999 0.0464778 0.131049 0.606857
 0.0904253 0.207848 0.300314 0.154635 0.0429382 0.119157 0.519832
 0.0896441 0.208883 0.309211 0.160638 0.0425185 0.118776 0.499418
 0.0921911 0.21408 0.311086 0.160971 0.0437135 0.120076 0.541921
 0.0955671 0.224886 0.331864 0.175284 0.0477682 0.127076 0.544896
 0.0897637 0.207159 0.310823 0.162225 0.0441484 0.120174 0.521382
 0.0898501 0.208885 0.307649 0.16359 0.0431749 0.11837 0.514405
 0.0847949 0.201292 0.290641 0.154784 0.0401177 0.114194 0.500502
 0.086698 0.206918 0.303712 0.161481 0.0435797 0.117364 0.527488
 0.0976444 0.227509 0.328162 0.179579 0.0507274 0.134766 0.618609
 0.0920566 0.221767 0.333974 0.177716 0.0489573 0.129597 0.55198
 0.0912835 0.21613 0.319193 0.166445 0.0452572 0.122882 0.519413
 0.0872276 0.21129 0.305382 0.156543 0.0436476 0.122711 0.529953
 0.085749 0.209525 0.307084 0.15629 0.0431987 0.117383 0.494076
 0.0860022 0.213773 0.311226 0.161679 0.0442279 0.120807 0.524577
 0.0870738 0.215658 0.312354 0.163912 0.0445606 0.122497 0.539912
 0.0926857 0.21487 0.316559 0.163421 0.0449929 0.12414 0.56125
 0.0899934 0.213278 0.309438 0.16136 0.0433808 0.120442 0.549638
 0.0839687 0.199027 0.295866 0.15491 0.0408263 0.111798 0.496425
 0.0851039 0.204783 0.300795 0.154127 0.0422745 0.118602 0.495849
 0.0885077 0.207702 0.306412 0.155407 0.043375 0.118104 0.503494
 0.0842062 0.198154 0.2902 0.152099 0.0401167 0.111602 0.486779
 0.0872935 0.211536 0.298223 0.157123 0.0429806 0.119807 0.553105
 0.0845528 0.209087 0.304262 0.162888 0.0433643 0.120127 0.527844
 0.0929114 0.219753 0.326806 0.17484 0.048277 0.129043 0.537366
 0.0839493 0.19918 0.305165 0.156622 0.0417772 0.112292 0.466523
 0.0830913 0.196875 0.296391 0.153253 0.0416971 0.11412 0.513901
 0.0826503 0.197238 0.285605 0.148566 0.0403128 0.111142 0.502501
 0.0830338 0.195364 0.285974 0.15095 0.040125 0.109161 0.481512
 0.0858213 0.20171 0.295051 0.1485 0.040395 0.109348 0.480715
 0.0875679 0.206091 0.304461 0.160025 0.0430298 0.115614 0.462621
 0.0875835 0.203888 0.309363 0.158758 0.0438881 0.120579 0.521218
 0.0885875 0.207967 0.310485 0.161507 0.0439112 0.12017 0.539059
 0.0948411 0.217778 0.32248 0.170568 0.0466748 0.126189 0.551971
 0.089667 0.213143 0.317187 0.164094 0.0446601 0.122009 0.532973
 0.0857705 0.207237 0.308426 0.156966 0.0430176 0.119147 0.53443
 0.0853055 0.202136 0.302617 0.153144 0.0416783 0.116949 0.518292
 0.0890155 0.206869 0.308842 0.160888 0.0435872 0.118298 0.506555
 0.0870099 0.208824 0.311943 0.163065 0.0445526 0.119091 0.524871
 0.0916715 0.214539 0.311182 0.16354 0.0446946 0.121856 0.535469
 0.0826538 0.202445 0.310849 0.158685 0.0427768 0.119105 0.549225
 0.0819305 0.199582 0.299644 0.154895 0.0409649 0.115063 0.519429
 0.0833984 0.203299 0.302368 0.158713 0.0417228 0.115159 0.527056
 0.0797506 0.196775 0.286687 0.150753 0.0393822 0.110801 0.493859
 0.083408 0.203844 0.297149 0.157286 0.040959 0.118147 0.524317
 0.0809401 0.199837 0.29062 0.152801 0.0403319 0.109329 0.464592
 0.0826312 0.2012 0.302519 0.156885 0.0418916 0.117645 0.538943
 0.0935196 0.220857 0.337228 0.175822 0.0476804 0.132847 0.595398
 0.0863207 0.20878 0.309721 0.160559 0.0441465 0.122083 0.516961
 0.0829749 0.204353 0.304826 0.159305 0.0428695 0.116206 0.491044
 0.0818396 0.199058 0.29269 0.152626 0.0414661 0.112195 0.507635
 0.0796393 0.191232 0.276549 0.143952 0.0392855 0.109492 0.486788
 0.0876617 0.20946 0.312353 0.167593 0.0463442 0.126546 0.56604
 0.0835681 0.200733 0.29987 0.158501 0.0423577 0.118286 0.52785
 0.0813343 0.199278 0.297904 0.15428 0.0420145 0.113063 0.488224
 0.0871811 0.205924 0.31494 0.166184 0.0431596 0.117743 0.514849
 0.0860159 0.207753 0.308234 0.163591 0.0449977 0.120082 0.504392
 0.0854359 0.199456 0.295191 0.150203 0.0401239 0.113822 0.518773
 0.0905942 0.213961 0.313679 0.164783 0.0438411 0.12168 0.525135
 0.0880157 0.214542 0.31044 0.164023 0.0447554 0.123941 0.58021
 0.0888206 0.21244 0.314508 0.166275 0.0455505 0.127066 0.581221
 0.0901911 0.210512 0.307699 0.16021 0.0432443 0.118447 0.525654
 0.088721 0.208968 0.314859 0.163538 0.0430246 0.118172 0.510079
 0.0856368 0.203588 0.297472 0.153122 0.0410086 0.110413 0.488345
 0.083286 0.194596 0.282179 0.143819 0.0391328 0.109193 0.456231
 0.0852727 0.205843 0.30497 0.161065 0.0444037 0.126265 0.53886
 0.0867854 0.210803 0.308686 0.162789 0.0421288 0.114728 0.494566
 0.0967341 0.22019 0.324745 0.171301 0.0460509 0.123228 0.523733
 0.090846 0.211745 0.301866 0.155854 0.0425282 0.114224 0.515813
 0.0886609 0.205376 0.294519 0.14937 0.0409941 0.113889 0.495127
 0.0920826 0.210739 0.315257 0.164417 0.044134 0.127194 0.558669
 0.0873837 0.205238 0.299458 0.153548 0.0412045 0.115612 0.503157
 0.0843979 0.196662 0.28707 0.149432 0.0399111 0.110757 0.498063
 0.0840187 0.203847 0.30052 0.156792 0.042128 0.117872 0.54614
 0.0864588 0.206114 0.309073 0.162479 0.044977 0.123439 0.548923
 0.091858 0.217658 0.322187 0.170124 0.0458598 0.123349 0.533182
 0.0820396 0.200293 0.295299 0.151064 0.0403266 0.109032 0.461273
 0.0805121 0.201686 0.293441 0.152691 0.0407357 0.107139 0.475702
 0.0816746 0.201068 0.288655 0.146585 0.0391015 0.107176 0.492169
 0.0790166 0.198657 0.290088 0.150069 0.0400275 0.111067 0.49426
 0.0776305 0.194884 0.281597 0.147653 0.0391567 0.108704 0.487665
 0.079126 0.195757 0.278599 0.143504 0.0388829 0.108938 0.509203
 0.083393 0.209283 0.308068 0.161358 0.0433466 0.122287 0.564127
 0.0810591 0.203714 0.301865 0.158635 0.0432644 0.120458 0.578055
 0.078016 0.195171 0.28639 0.147727 0.0401947 0.108067 0.480854
 0.0818598 0.199292 0.290203 0.153659 0.0412587 0.113015 0.483138
 0.0857014 0.210643 0.311819 0.164599 0.044233 0.122594 0.548525
 0.0867192 0.22107 0.326151 0.175922 0.0475048 0.132534 0.616707
 0.0817607 0.203837 0.305197 0.156931 0.0426699 0.115932 0.520139
 0.0823065 0.199469 0.291921 0.151213 0.039925 0.115369 0.509004
 0.0826765 0.20234 0.301014 0.158298 0.0427613 0.124981 0.572142
 0.0821041 0.202493 0.299002 0.160852 0.0433836 0.127129 0.598276
 0.087164 0.212544 0.313172 0.170303 0.0457563 0.130115 0.634393
 0.0849558 0.202494 0.297454 0.154432 0.0411639 0.111463 0.511566
 0.0811213 0.196469 0.284493 0.146507 0.0397754 0.107808 0.489681
 0.0878083 0.209352 0.316055 0.165562 0.0441431 0.122905 0.558103
 0.080703 0.198653 0.293474 0.150057 0.040613 0.114887 0.517515
 0.0840316 0.202785 0.304462 0.155099 0.042546 0.122143 0.581078
 0.0790042 0.196907 0.293996 0.154261 0.041488 0.115782 0.505235
 0.0802595 0.195193 0.289538 0.148812 0.0401598 0.114734 0.511615
 0.0847469 0.206802 0.317822 0.166912 0.044521 0.125186 0.584694
 0.0902431 0.210628 0.326226 0.174326 0.0471105 0.129014 0.594419
 0.0861293 0.200995 0.301917 0.160531 0.0426359 0.115388 0.53375
 0.0842967 0.204807 0.314543 0.165042 0.0447101 0.120617 0.569309
 0.0831951 0.200525 0.304944 0.160329 0.0436179 0.116034 0.530619
 0.0819596 0.202633 0.305458 0.1587 0.0432655 0.114473 0.520597
 0.0847902 0.207243 0.303389 0.158772 0.0415918 0.11438 0.525847
 0.0824167 0.203873 0.302678 0.159813 0.041689 0.11759 0.560344
 0.0822406 0.205891 0.314597 0.164283 0.0438649 0.125505 0.590728
 0.0811672 0.20705 0.31194 0.166375 0.0447384 0.120378 0.554971
 0.0850334 0.20952 0.316798 0.165569 0.0439993 0.119414 0.522677
 0.0768814 0.188942 0.275279 0.139543 0.0369226 0.103136 0.440525
 0.0782018 0.197437 0.292059 0.14954 0.0406555 0.110986 0.478792
 0.0801221 0.199118 0.290917 0.15268 0.0408242 0.114631 0.512266
 0.0862417 0.207708 0.302818 0.156032 0.0426965 0.116159 0.498325
 0.091034 0.217814 0.325589 0.167088 0.0468429 0.129394 0.568521
 0.0923237 0.2184 0.32487 0.171358 0.0457123 0.12444 0.558062
 0.0797609 0.190888 0.279823 0.14386 0.0378398 0.102939 0.443337
 0.0780948 0.189494 0.275574 0.14066 0.0387715 0.104165 0.44284
 0.0814195 0.19575 0.276173 0.141736 0.0385637 0.105492 0.463248
 0.0845088 0.202335 0.306092 0.155774 0.0427924 0.119654 0.557591
 0.0862824 0.201224 0.30098 0.157983 0.042068 0.113801 0.510226
 0.0887362 0.218977 0.317589 0.169827 0.0451491 0.124148 0.56728
 0.0874205 0.203723 0.297155 0.155176 0.0416278 0.113744 0.508121
 0.089724 0.212569 0.313569 0.167062 0.0455676 0.12761 0.58602
 0.0882762 0.206589 0.306841 0.158695 0.0434616 0.118362 0.569664
 0.0852841 0.205855 0.297583 0.151422 0.0420939 0.115461 0.497449
 0.0849503 0.204812 0.303023 0.157554 0.0432957 0.120241 0.5428
 0.0849931 0.207133 0.302933 0.155579 0.042613 0.119512 0.531117
 0.0882129 0.204908 0.302605 0.156522 0.0429672 0.119557 0.499824
 0.0920021 0.215544 0.31546 0.1657 0.0445702 0.122373 0.531857
 0.0932123 0.217927 0.329088 0.175058 0.0465372 0.125119 0.534543
 0.0883446 0.204543 0.304348 0.158725 0.0424217 0.116808 0.491251
 0.0879482 0.207668 0.313525 0.162024 0.0447907 0.123707 0.550897
 0.0905877 0.210943 0.310676 0.161847 0.0438012 0.119547 0.539131
 0.0849594 0.206152 0.31123 0.16279 0.0432929 0.117122 0.504164
 0.0864577 0.204974 0.293847 0.151613 0.042106 0.111335 0.49276
 0.0889223 0.211178 0.312039 0.166373 0.0453131 0.123101 0.556394
 0.0904489 0.206763 0.302019 0.154786 0.0418387 0.11224 0.476705
 0.0895 0.20364 0.306862 0.158407 0.0436594 0.117652 0.526759
 0.0843967 0.195386 0.287598 0.147101 0.0387838 0.106305 0.45763
 0.0852613 0.204582 0.301185 0.157491 0.0431646 0.122126 0.546401
 0.0838404 0.204608 0.302274 0.155627 0.0424659 0.11865 0.525704
 0.082573 0.204112 0.291696 0.148863 0.0407793 0.113156 0.480967
 0.0890595 0.209869 0.312284 0.163556 0.0454021 0.124157 0.554467
 0.0824732 0.195021 0.292823 0.151135 0.0411409 0.110484 0.502785
 0.0798228 0.198943 0.29052 0.154133 0.0405841 0.110493 0.469693
 0.085923 0.209739 0.307382 0.155569 0.0422945 0.116722 0.483538
 0.0913799 0.207439 0.311746 0.161258 0.0432678 0.116025 0.484108
 0.0890497 0.203716 0.309859 0.160043 0.0422865 0.116813 0.502819
 0.0867203 0.211387 0.319621 0.16909 0.0455686 0.124518 0.573666
 0.0890837 0.212673 0.319431 0.172281 0.0468374 0.127063 0.569412
 0.0895738 0.213072 0.315902 0.167433 0.0447094 0.122145 0.547513
 0.0950329 0.210674 0.302634 0.155809 0.042156 0.115227 0.504505
 0.0853481 0.206069 0.300996 0.161898 0.0431118 0.118337 0.51608
 0.0857147 0.198461 0.288999 0.155364 0.0401277 0.111198 0.497352
 0.0827732 0.198138 0.283948 0.149012 0.0403323 0.111474 0.462952
 0.0881055 0.208643 0.305818 0.160644 0.0427208 0.116724 0.496957
 0.0817639 0.199089 0.296076 0.156448 0.0423854 0.12 0.534731
 0.0939633 0.214175 0.317815 0.169064 0.044688 0.121248 0.542197
 0.0886106 0.205007 0.303638 0.154956 0.0426349 0.112865 0.493245
 0.0821717 0.198017 0.294717 0.150959 0.0408799 0.112606 0.509845
 0.0853211 0.200085 0.286224 0.145054 0.038945 0.105955 0.465541
 0.0923422 0.216374 0.320468 0.168914 0.0462915 0.121879 0.514
 0.0874508 0.20992 0.306332 0.159108 0.044071 0.117696 0.507243
 0.0895252 0.209952 0.312945 0.163894 0.0444991 0.122305 0.533358
 0.0922325 0.210865 0.310167 0.161901 0.0442492 0.120397 0.541358
 0.0870995 0.207961 0.307448 0.161147 0.043527 0.11945 0.540065
 0.088339 0.20537 0.302722 0.155389 0.0425231 0.111457 0.460021
 0.090062 0.213869 0.322051 0.169183 0.0459309 0.127296 0.550753
 0.086642 0.199424 0.287991 0.149287 0.0407402 0.108472 0.458735
 0.0910996 0.210465 0.30051 0.159511 0.0433487 0.12108 0.533864
 0.0880688 0.208103 0.303605 0.157691 0.0427483 0.118805 0.520325
 0.0868736 0.201854 0.288527 0.148093 0.0398032 0.110595 0.480444
 0.0904015 0.205969 0.301188 0.155907 0.0416867 0.113694 0.482908
 0.0930713 0.215421 0.316875 0.165734 0.0449731 0.121424 0.527693
 0.0963091 0.218541 0.328658 0.170368 0.0481109 0.127795 0.580761
 0.0901383 0.209953 0.311727 0.164672 0.0448593 0.125383 0.579719
 0.0926549 0.217683 0.336546 0.179743 0.0487731 0.135836 0.628647
 0.0890241 0.209872 0.323266 0.171603 0.0459818 0.123768 0.561597
 0.0860509 0.210035 0.313133 0.166845 0.0454713 0.12663 0.586641
 0.0895441 0.213824 0.316375 0.166622 0.0469437 0.129827 0.62073
 0.0891448 0.217175 0.316316 0.161857 0.044768 0.121562 0.547575
 0.0903955 0.213622 0.315122 0.163491 0.0441881 0.121369 0.517498
 0.0903823 0.20679 0.296048 0.156371 0.0418009 0.115479 0.476407
 0.0820449 0.193172 0.280972 0.143586 0.0389235 0.107714 0.474519
 0.0807845 0.197192 0.288802 0.148167 0.0400303 0.10994 0.461538
 0.0864154 0.208255 0.305657 0.160941 0.0419802 0.116803 0.471322
 0.0811765 0.195286 0.286359 0.147094 0.0390179 0.109935 0.469106
 0.0851672 0.208843 0.314496 0.163479 0.044868 0.124977 0.580614
 0.0846592 0.205434 0.301842 0.154565 0.0418445 0.115872 0.494218
 0.0925084 0.214498 0.33029 0.173194 0.0455263 0.121842 0.520143
 0.0851521 0.207596 0.311898 0.158177 0.0431091 0.117271 0.495312
 0.0841017 0.202858 0.299394 0.155987 0.0433047 0.119862 0.51773
 0.0864157 0.205655 0.304757 0.156995 0.0420703 0.117321 0.51
 0.0935061 0.221339 0.325009 0.172064 0.0475142 0.133561 0.590047
 0.089506 0.207705 0.312616 0.165407 0.0449225 0.129429 0.595001
 0.088213 0.20727 0.309508 0.165584 0.0451923 0.12705 0.590806
 0.08901 0.214087 0.311092 0.165343 0.0457541 0.125049 0.553027
 0.0926997 0.217795 0.330967 0.176077 0.0474116 0.130918 0.571607
 0.0839235 0.194186 0.28078 0.140405 0.039121 0.107292 0.46832
 0.0831281 0.199403 0.296954 0.151469 0.0406885 0.112642 0.494874
 0.0853627 0.208419 0.316187 0.161277 0.0434281 0.122133 0.532645
 0.0902799 0.209387 0.317841 0.16704 0.0456931 0.124013 0.544435
 0.0873525 0.206979 0.309094 0.158631 0.0428836 0.115411 0.484444
 0.0879223 0.214279 0.328371 0.166842 0.0465748 0.126619 0.551121
 0.0886067 0.205079 0.306333 0.160862 0.0427272 0.115271 0.502425
 0.0865546 0.20956 0.318608 0.1681 0.0451762 0.118093 0.50208
 0.089975 0.206991 0.311252 0.162429 0.0437639 0.122341 0.540803
 0.0826207 0.205212 0.310167 0.161818 0.0434593 0.122282 0.548739
 0.0848769 0.203256 0.304033 0.1583 0.0426037 0.115864 0.502777
 0.0829172 0.194242 0.293098 0.148648 0.0405665 0.106891 0.447936
 0.094543 0.218197 0.332772 0.173333 0.0466129 0.129407 0.590382
 0.0897116 0.217609 0.31999 0.165852 0.0449491 0.123965 0.528684
 0.0827407 0.197201 0.288806 0.148235 0.0414922 0.111593 0.480125
 0.0895884 0.209432 0.3084 0.163052 0.0445363 0.123132 0.545267
 0.0877688 0.207876 0.309961 0.161362 0.0451227 0.127035 0.557605
 0.086762 0.207815 0.309809 0.162834 0.0437876 0.123215 0.537228
 0.0859321 0.207616 0.301191 0.15806 0.0419389 0.115305 0.503347
 0.0842775 0.197819 0.298709 0.155156 0.0410722 0.113102 0.492787
 0.0869395 0.205015 0.305349 0.15788 0.0427487 0.121197 0.557801
 0.0845057 0.206551 0.297951 0.158828 0.0420886 0.118909 0.521598
 0.0828238 0.205246 0.308775 0.159069 0.0418693 0.117565 0.547591
 0.0858193 0.209188 0.321076 0.167932 0.0466796 0.13156 0.591816
 0.0881241 0.204905 0.300877 0.1568 0.0430478 0.119634 0.525135
 0.0845436 0.203455 0.300311 0.15989 0.0418467 0.11919 0.521161
 0.0905999 0.211301 0.320962 0.164113 0.0439037 0.118258 0.523557
 0.0904498 0.217441 0.32512 0.166396 0.0451803 0.121144 0.49947
 0.088726 0.207848 0.303079 0.158079 0.0430539 0.116747 0.495687
 0.0904567 0.211637 0.30328 0.159062 0.0428681 0.117004 0.509152
 0.0890273 0.201513 0.288783 0.146884 0.0406868 0.113564 0.476313
 0.0891291 0.205369 0.306085 0.155029 0.0426517 0.118082 0.500761
 0.0910646 0.211565 0.310129 0.159552 0.042652 0.119407 0.505193
 0.0924138 0.2107 0.314145 0.164915 0.0433691 0.119445 0.493452
 0.0818056 0.195325 0.276465 0.140287 0.0384997 0.104114 0.426783
 0.0828255 0.193932 0.280333 0.14485 0.0390451 0.107064 0.457055
 0.0828579 0.198899 0.289973 0.149728 0.0411187 0.113654 0.519894
 0.0836264 0.205429 0.2966 0.153673 0.0417254 0.113806 0.497866
 0.0870542 0.214339 0.309799 0.159094 0.0430689 0.118483 0.506435
 0.0859167 0.209164 0.302143 0.157874 0.0424504 0.112933 0.487823
 0.0836814 0.204077 0.304627 0.157287 0.0426058 0.115462 0.514903
 0.0826544 0.201515 0.304798 0.155347 0.0425104 0.117992 0.5264
 0.0840905 0.205298 0.30192 0.155286 0.0417118 0.119541 0.506134
 0.086906 0.215657 0.325413 0.171952 0.0466619 0.130993 0.586148
 0.0873702 0.205592 0.303533 0.158656 0.041804 0.117186 0.515837
 0.0846276 0.203441 0.302603 0.1575 0.0412807 0.117622 0.533241
 0.0822539 0.196695 0.291187 0.151666 0.0396584 0.111185 0.507153
 0.0923323 0.213661 0.312638 0.16752 0.0454236 0.122411 0.543658
 0.0919752 0.211806 0.312334 0.164736 0.0448413 0.120398 0.511072
 0.0919475 0.211236 0.308893 0.161034 0.0445085 0.116353 0.486948
 0.0851795 0.201819 0.295833 0.149616 0.041414 0.114395 0.502725
 0.0934943 0.215573 0.310103 0.16375 0.0439239 0.119468 0.534869
 0.0876128 0.199685 0.293565 0.152065 0.0400801 0.107684 0.46033
 0.0855919 0.192436 0.278809 0.146768 0.0397682 0.106207 0.4669
 0.0875661 0.199747 0.292428 0.153072 0.041591 0.110951 0.46902
 0.0926734 0.212283 0.310333 0.166671 0.0457898 0.120896 0.528697
 0.0850596 0.199242 0.296696 0.151022 0.0420123 0.112028 0.462608
 0.0903606 0.206819 0.296324 0.15625 0.0411934 0.111063 0.459062
 0.0859258 0.197386 0.280037 0.143479 0.0385787 0.101601 0.421999
 0.0881588 0.203407 0.290905 0.14975 0.0401375 0.107018 0.450965
 0.0930785 0.211131 0.311109 0.161987 0.0430635 0.117298 0.516187
 0.0926887 0.212747 0.315193 0.165547 0.0445075 0.121314 0.525314
 0.0922109 0.225163 0.326483 0.176779 0.0482548 0.129635 0.603486
 0.0864236 0.209828 0.299398 0.158624 0.0419968 0.119029 0.518233
 0.0879908 0.206699 0.299142 0.152066 0.0409681 0.116773 0.527945
 0.0871793 0.20917 0.309299 0.160353 0.0432004 0.119811 0.497558
 0.0859837 0.209292 0.309582 0.157079 0.0431458 0.115515 0.497962
 0.0884098 0.221016 0.327086 0.173353 0.0474699 0.132836 0.584422
 0.0889317 0.211588 0.315757 0.164998 0.0448466 0.123963 0.586866
 0.0865454 0.207058 0.301903 0.153215 0.0421866 0.116216 0.5286
 0.0881574 0.205547 0.300297 0.155073 0.0435756 0.120924 0.562846
 0.0864791 0.198269 0.285049 0.145096 0.0393784 0.112449 0.507909
 0.0949848 0.215918 0.321708 0.165211 0.0441016 0.121047 0.504251
 0.0915381 0.212189 0.31428 0.163045 0.0433282 0.114766 0.47636
 0.0889115 0.212874 0.310169 0.158336 0.0437757 0.118996 0.480469
 0.0907242 0.216459 0.30798 0.160034 0.0433586 0.123498 0.510462
 0.0946704 0.223664 0.33282 0.175757 0.0489228 0.138214 0.610443
 0.0922351 0.221758 0.328646 0.171846 0.0464115 0.128702 0.577758
 0.0897914 0.213207 0.29956 0.159808 0.0422931 0.120289 0.528595
 0.0907059 0.204325 0.295299 0.153307 0.0404881 0.113574 0.494293
 0.0884922 0.203317 0.293934 0.151904 0.0408806 0.115004 0.510201
 0.0869756 0.211331 0.302977 0.160854 0.0438608 0.118446 0.494763
 0.0885187 0.213343 0.307901 0.162549 0.0446214 0.123406 0.517824
 0.0905023 0.217216 0.316143 0.166262 0.0442878 0.122854 0.542209
 0.0889468 0.209813 0.300796 0.15433 0.0416655 0.117039 0.523147
 0.086746 0.202717 0.296958 0.149298 0.0405934 0.110271 0.484922
 0.0917538 0.21526 0.313528 0.158997 0.0440731 0.121997 0.567853
 0.0927432 0.210322 0.30852 0.158725 0.0429556 0.117457 0.510046
 0.0875216 0.205637 0.297673 0.155634 0.0426165 0.116038 0.512723
 0.0867375 0.200748 0.291266 0.152575 0.0420812 0.11281 0.493368
 0.0915165 0.210613 0.314707 0.165409 0.0460302 0.123018 0.547879
 0.0877498 0.209371 0.312409 0.164141 0.0447084 0.121155 0.536885
 0.0847 0.206634 0.301073 0.159567 0.0425237 0.119957 0.513923
 0.0923038 0.215995 0.328982 0.172971 0.0453666 0.128794 0.557286
 0.0877527 0.205833 0.30566 0.154702 0.0423545 0.114901 0.510288
 0.0867311 0.205022 0.293041 0.148812 0.0407677 0.114323 0.502325
 0.088109 0.203268 0.294326 0.147216 0.0408249 0.108597 0.47849
 0.0893829 0.198704 0.294776 0.147859 0.0405429 0.11038 0.46846
 0.0884856 0.206428 0.302907 0.156067 0.0423485 0.114791 0.477888
 0.0870037 0.205748 0.301001 0.154922 0.0424624 0.111472 0.455683
 0.0847918 0.202598 0.297617 0.148306 0.0406818 0.109261 0.455093
 0.0854199 0.207732 0.297851 0.152897 0.0416361 0.11383 0.505933
 0.0887356 0.214995 0.312427 0.167361 0.0459026 0.120564 0.513683
 0.0885341 0.208066 0.303077 0.157081 0.0423402 0.114311 0.453035
 0.0892229 0.206798 0.300014 0.153745 0.0426738 0.111096 0.442517
 0.0882673 0.206733 0.301694 0.153899 0.0429377 0.114663 0.488338
 0.090946 0.210773 0.307165 0.156335 0.0438183 0.118091 0.479552
 0.0837733 0.204989 0.298316 0.151819 0.0422274 0.114795 0.458337
 0.0875881 0.209637 0.313135 0.160622 0.0443993 0.117998 0.484123
 0.0905126 0.20907 0.316186 0.162098 0.0455466 0.125393 0.554313
 0.0928493 0.204843 0.303748 0.155046 0.041969 0.114272 0.480333
 0.0946739 0.20981 0.305843 0.15871 0.0426446 0.114578 0.482059
 0.0927945 0.211923 0.311492 0.162176 0.0439052 0.120415 0.511963
 0.0882313 0.203142 0.292653 0.151382 0.0420111 0.11445 0.469041
 0.0917883 0.209114 0.30656 0.159238 0.0437865 0.115139 0.468913
 0.0898625 0.205079 0.296448 0.150291 0.0409674 0.113756 0.469655
 0.089827 0.204601 0.297937 0.153112 0.0400666 0.111727 0.473342
 0.0909791 0.209142 0.309918 0.161174 0.0423992 0.120759 0.553835
 0.0889921 0.207954 0.30909 0.15877 0.0436861 0.123315 0.541238
 0.0911727 0.2055 0.300422 0.156855 0.0427386 0.117715 0.519429
 0.0928424 0.216425 0.322488 0.172488 0.0468625 0.129934 0.567283
 0.0922311 0.216642 0.320139 0.169348 0.0451764 0.120528 0.531115
 0.0912146 0.220128 0.336482 0.176929 0.0484971 0.130308 0.567503
 0.0917746 0.22019 0.319536 0.168494 0.0461687 0.124742 0.503118
 0.0910054 0.214205 0.317375 0.165685 0.0451084 0.121955 0.508268
 0.0925752 0.219379 0.327787 0.172838 0.0472176 0.129691 0.543476
 0.0919002 0.212326 0.311783 0.161748 0.0441841 0.118459 0.479825
 0.0917752 0.209538 0.309842 0.159131 0.0434606 0.115383 0.48485
 0.0877256 0.206727 0.308446 0.154811 0.0423082 0.115173 0.504325
 0.0873469 0.203901 0.293852 0.152675 0.0421204 0.113247 0.484546
 0.0868223 0.202835 0.29522 0.150712 0.0413476 0.113801 0.493166
 0.0867737 0.200086 0.289826 0.14698 0.0409048 0.111093 0.474426
 0.0899147 0.207097 0.296738 0.156773 0.0433937 0.116915 0.515789
 0.0952111 0.220894 0.323581 0.168347 0.0464617 0.123013 0.540135
 0.0908753 0.208563 0.302917 0.156678 0.0427594 0.116868 0.49601
 0.0900976 0.212933 0.319818 0.166874 0.0458481 0.125061 0.559569
 0.0886768 0.21163 0.30493 0.164404 0.0448074 0.117751 0.51298
 0.0917017 0.209831 0.304859 0.162018 0.0436151 0.116165 0.499401
 0.0872784 0.207553 0.306283 0.160937 0.0430628 0.112345 0.480581
 0.091268 0.214424 0.311176 0.164188 0.0442121 0.119008 0.498943
 0.086453 0.200538 0.284568 0.144713 0.0394879 0.106904 0.447088
 0.0880679 0.207346 0.298253 0.151804 0.0420007 0.116268 0.520117
 0.0926569 0.212493 0.305957 0.159728 0.0437316 0.120325 0.528809
 0.096712 0.215169 0.320071 0.167395 0.0459016 0.131561 0.59336
 0.0904849 0.209921 0.30449 0.161028 0.0431237 0.120013 0.535043
 0.0916053 0.204682 0.301396 0.152823 0.0424479 0.111048 0.4575
 0.0927505 0.207559 0.307093 0.156693 0.0437969 0.118112 0.5013
 0.0964763 0.219607 0.329387 0.171962 0.0476692 0.127141 0.566242
 0.091111 0.211095 0.307005 0.159723 0.0447691 0.121541 0.548216
 0.0903203 0.221553 0.329925 0.176177 0.0483127 0.129303 0.585271
 0.087116 0.208354 0.304251 0.159038 0.043554 0.114134 0.507711
 0.0909676 0.215499 0.327974 0.173274 0.0467076 0.123875 0.545678
 0.090665 0.218506 0.332742 0.174125 0.0480707 0.133489 0.62467
 0.0888641 0.214795 0.313848 0.167083 0.0457753 0.126668 0.580879
 0.0911993 0.210806 0.309403 0.162625 0.0433944 0.122972 0.568348
 0.0862137 0.20387 0.295673 0.155291 0.041823 0.110646 0.467193
 0.0876739 0.210241 0.309608 0.160842 0.0440898 0.123215 0.543649
 0.0837855 0.211573 0.305476 0.16081 0.0431647 0.123095 0.54199
 0.0916227 0.214706 0.317642 0.164499 0.0446518 0.126922 0.579533
 0.0910281 0.211312 0.312427 0.1605 0.0444625 0.124445 0.536019
 0.0872505 0.210626 0.309798 0.163768 0.0446887 0.123143 0.504158
 0.087725 0.206749 0.300556 0.154172 0.0416898 0.112606 0.484772
 0.0913726 0.222359 0.324846 0.173345 0.0462361 0.123525 0.533047
 0.0899003 0.209318 0.307584 0.159956 0.0421498 0.118403 0.53154
 0.0863833 0.207306 0.305774 0.155803 0.0420817 0.115715 0.492472
 0.0870495 0.207154 0.306099 0.157888 0.0428052 0.121064 0.526482
 0.0844731 0.207004 0.304536 0.158836 0.0426641 0.118496 0.524697
 0.087409 0.204982 0.302346 0.156167 0.0420944 0.120759 0.553955
 0.0931649 0.234541 0.350667 0.191282 0.0527761 0.142187 0.657467
 0.0900887 0.218351 0.33298 0.177507 0.0473618 0.13023 0.57706
 0.0845306 0.199689 0.300604 0.156381 0.0414474 0.115877 0.511444
 0.0866515 0.201863 0.29576 0.153526 0.0410055 0.110288 0.455568
 0.0920936 0.21271 0.316046 0.165978 0.0449422 0.123506 0.518393
 0.0897569 0.20686 0.310951 0.16567 0.044722 0.120155 0.497196
 0.0865662 0.201494 0.297937 0.15817 0.0434611 0.114019 0.478483
 0.0855266 0.203795 0.297119 0.159578 0.0447591 0.120606 0.531803
 0.0862176 0.203488 0.301554 0.162438 0.043769 0.120123 0.528414
 0.0906638 0.212073 0.308013 0.162822 0.044268 0.120922 0.533926
 0.087575 0.210149 0.314652 0.164945 0.044138 0.122195 0.538424
 0.0882757 0.204862 0.305976 0.158441 0.0428691 0.1158 0.499534
 0.0820067 0.194752 0.291133 0.150467 0.0409654 0.113174 0.50785
 0.0868798 0.211964 0.310554 0.158563 0.0444636 0.125326 0.524571
 0.0853211 0.207006 0.298421 0.155669 0.0426614 0.116894 0.498849
 0.0838588 0.205113 0.297881 0.155572 0.0424356 0.115423 0.471501
 0.0887227 0.205876 0.306857 0.157765 0.0434674 0.121213 0.567036
 0.0852972 0.200329 0.302301 0.157767 0.0431241 0.120691 0.543438
 0.086093 0.205522 0.303293 0.157047 0.0422965 0.114236 0.507986
 0.0847321 0.201867 0.299484 0.153582 0.0417812 0.11311 0.49763
 0.0933133 0.220585 0.322838 0.171004 0.0459742 0.128721 0.589206
 0.0885045 0.206149 0.294727 0.157232 0.0414877 0.114068 0.49537
 0.0849469 0.200291 0.289679 0.150612 0.0411561 0.112428 0.476581
 0.0908758 0.216709 0.32534 0.171093 0.046663 0.122452 0.531771
 0.0918901 0.210444 0.307484 0.160708 0.0435196 0.119256 0.50674
 0.088074 0.205521 0.300456 0.156466 0.043057 0.121033 0.524068
 0.0950043 0.214333 0.321031 0.173455 0.0457922 0.129977 0.608704
 0.0895454 0.217193 0.31877 0.166187 0.0446063 0.119256 0.521283
 0.0919085 0.213503 0.325107 0.172022 0.0467403 0.127175 0.530242
 0.0826261 0.197447 0.290051 0.145158 0.039587 0.106471 0.457377
 0.0906996 0.212329 0.31274 0.16118 0.0439722 0.116729 0.522494
 0.092408 0.214155 0.320561 0.165341 0.0444898 0.116796 0.470501
 0.0870569 0.207994 0.310607 0.160656 0.044129 0.117968 0.48792
 0.0905023 0.207299 0.313763 0.161974 0.043876 0.121919 0.528489
 0.0876655 0.209061 0.30649 0.156979 0.0416264 0.114183 0.524286
 0.0820513 0.199856 0.292005 0.147181 0.0407706 0.112235 0.466117
 0.0837277 0.205203 0.314561 0.159406 0.0429279 0.118524 0.516321
 0.0896481 0.213951 0.308298 0.164784 0.0443865 0.126997 0.572061
 0.0819599 0.203187 0.297645 0.153489 0.0419113 0.110928 0.468036
 0.0875454 0.204414 0.303318 0.157332 0.0415582 0.112244 0.492002
