 23.9286 27.4967 83.6325 96.8033 16.7872 3.22089 17.5344
 23.9286 27.4967 83.6325 96.8033 16.7872 3.22089 17.5344
 36.2133 29.6634 85.8256 92.8303 18.3012 3.6046 13.9061
 16.9047 26.8833 75.484 88.9507 14.6815 2.0088 14.6416
 22.9766 29.3629 90.631 92.2727 16.6448 4.13513 21.5893
 13.9517 21.867 73.2435 98.4886 22.5295 3.85372 20.9277
 12.8253 33.3108 83.8283 96.459 15.9283 3.61692 17.7595
 19.8623 33.1523 71.9903 102.709 14.9202 2.73373 19.9942
 30.7746 39.4053 82.8225 102.425 17.365 3.77969 17.9677
 20.1903 29.9878 69.2072 102.502 11.0228 3.45737 16.842
 19.7712 21.9309 94.5666 97.0238 11.8623 3.54847 12.4259
 16.053 23.1094 79.4908 97.1152 13.3158 4.76805 15.9167
 9.59709 26.0899 97.5289 83.7832 12.2641 4.58298 21.5883
 17.1924 15.9893 100.44 86.0801 14.693 3.20466 15.4769
 18.1749 14.0144 90.8987 91.0238 9.45262 2.999 14.9085
 35.2999 20.6594 85.0462 106.723 12.7103 3.18468 19.45
 22.5818 20.4065 77.806 87.0659 14.752 3.45974 14.439
 14.0496 30.7936 66.857 88.0743 12.592 2.42113 16.6615
 15.8534 26.8629 98.3681 80.2586 13.7886 2.59121 21.7808
 21.1898 29.4319 83.2248 90.1495 10.3962 3.38111 19.3025
 38.324 37.1325 83.8451 90.7852 10.1744 2.35162 16.4826
 24.938 16.0624 86.6148 87.687 11.6514 2.17743 14.6436
 22.1659 17.1996 92.4262 99.9245 16.9418 2.78587 22.3734
 15.8019 14.9878 87.6642 91.604 12.8263 3.17608 19.943
 36.8046 21.5298 83.8255 102.688 17.6011 3.6864 19.1991
 23.6527 24.2355 93.297 103.21 17.7061 3.81096 19.9715
 24.746 32.9241 75.8031 101.577 17.4585 2.65996 16.1248
 21.4482 28.1453 83.0908 103.94 17.2761 3.14811 17.363
 30.6423 31.7387 78.1774 77.9659 17.5746 2.50283 13.3183
 16.1452 22.2568 71.7501 93.1314 18.458 3.63194 14.5208
 21.677 35.1566 99.2208 116.163 20.5095 3.7792 16.3541
 23.0472 36.5433 70.8058 95.9939 20.1438 3.56577 17.0697
 18.6755 28.8307 88.8272 104.537 10.9745 3.07157 21.8201
 9.04516 18.4024 85.679 100.431 16.898 2.44978 14.2651
 18.0805 30.4906 80.3291 90.9232 13.2648 3.27771 16.1876
 25.3695 46.5776 84.3299 92.8631 14.1949 2.74255 14.8024
 24.3796 32.7202 80.7607 84.3655 16.137 2.98224 14.5543
 19.7034 19.2482 74.0488 104.366 15.4356 2.85756 19.5355
 19.6398 32.8429 91.657 111.161 19.539 3.53288 17.6342
 21.2723 20.1876 82.2625 100.981 18.1642 2.67662 17.0837
 17.4095 32.5553 77.1461 93.6995 15.2749 2.66584 16.964
 33.7589 23.9548 93.6279 108.266 15.8002 2.68492 16.5468
 18.2149 31.0704 81.6359 97.9434 13.381 2.29891 13.2903
 24.957 30.2335 81.074 89.0379 23.1612 3.40423 16.8071
 25.3991 21.1126 76.4788 86.1781 16.0731 2.84954 15.3882
 19.5258 21.1268 94.1097 110.703 19.6241 5.64524 25.1873
 18.8243 18.2472 96.9868 82.9244 20.4759 2.75916 16.4053
 12.2192 16.6617 87.4814 104.426 15.1075 2.35021 17.8063
 21.3005 35.444 91.7252 104.521 19.2154 4.00795 16.6464
 12.8144 21.1367 81.6328 96.4303 15.2483 3.48348 14.155
 20.5983 23.9048 89.682 98.4624 21.387 3.31174 15.7203
 24.1968 18.9135 97.4291 111.133 10.9031 3.15373 16.0256
 13.8182 14.4042 91.5067 92.0271 12.6752 2.89343 13.5225
 24.4753 36.0013 89.3224 93.5118 9.38682 2.93681 16.4967
 22.7913 18.6266 86.7896 104.23 18.22 3.61496 18.6108
 24.2263 20.5875 86.1002 88.0614 18.333 3.06147 21.1477
 29.4876 36.7178 76.345 89.6361 16.083 2.26476 17.8621
 28.5187 22.532 91.4445 94.8149 12.5559 3.07701 17.5071
 25.7216 24.822 95.8778 89.9825 14.355 2.92385 13.9052
 35.7294 34.3315 77.8551 108.734 10.8011 3.96676 19.3747
 16.7506 32.0462 71.8888 90.2546 10.6518 4.09781 14.7583
 18.783 35.7117 69.982 87.8889 12.2802 3.96711 13.0635
 21.2339 15.8795 76.0914 84.9291 18.5017 3.90444 17.1633
 16.7379 16.305 89.2203 98.0995 14.3612 3.45137 16.103
 12.2568 27.5998 67.1982 77.5281 10.147 2.48803 13.8438
 18.563 24.0098 73.5879 94.2467 16.1152 3.29386 17.5961
 15.5882 33.4204 104.899 105.999 11.3079 3.62812 15.1243
 8.06302 15.0889 86.3519 86.1539 11.2552 2.45039 15.9914
 17.5776 21.0238 92.0766 89.5018 16.1742 3.09374 18.0976
 23.1486 21.3142 78.1978 97.8159 21.2538 2.73966 19.407
 11.9869 21.8547 89.8777 91.9321 13.9252 2.30843 14.9462
 31.0762 23.3624 85.095 103.374 19.5496 2.75398 20.6449
 18.2473 22.9506 77.8203 92.4679 19.7456 3.3264 17.3196
 35.5308 42.48 77.1454 100.902 14.5493 3.19528 16.649
 17.1824 23.5018 68.5272 104.61 16.2371 2.32973 13.5268
 19.0588 26.4387 71.1636 101.569 13.6386 3.91267 17.5583
 17.6681 21.799 73.0079 93.1683 13.6438 3.21032 15.1037
 25.6351 22.4774 77.2095 99.9698 10.8248 2.25044 14.0768
 11.9491 40.1791 78.592 93.1138 14.164 2.61961 16.88
 22.9271 20.0354 98.8701 108.721 15.6438 4.8221 24.6456
 18.8871 22.5677 91.2456 85.105 21.428 5.6186 19.4925
 16.8661 21.5406 89.0271 98.3963 24.7425 2.11871 18.9273
 22.5177 26.7276 86.5396 103.716 13.915 2.97828 16.9707
 36.0038 33.36 91.383 105.377 18.5254 3.22762 20.4899
 20.1669 19.3545 84.5067 102.434 14.8709 2.8757 19.4455
 24.9903 35.3437 78.6959 108.163 16.6045 3.67603 18.5061
 18.1464 19.2883 72.1852 92.3302 14.9311 1.87631 13.2218
 33.4751 22.5352 76.681 93.4954 15.419 2.98436 13.2736
 17.6552 30.9952 80.0322 106.697 12.1749 2.96626 18.1905
 26.8079 23.3596 96.1365 100.722 14.9779 3.28656 19.8863
 28.6663 24.9779 88.4765 102.366 16.311 2.93308 16.6086
 27.699 24.404 73.54 92.9475 15.2593 2.74933 14.497
 31.5814 26.6996 67.0507 86.4436 11.4057 3.22335 13.8737
 22.0201 19.3744 81.3327 97.6516 15.9194 2.72068 17.2526
 17.7122 19.3697 89.4832 102.314 17.1135 2.5423 14.231
 18.3233 21.7679 71.9517 96.2616 18.3656 4.13807 12.7249
 18.2383 26.9545 72.2851 107.383 16.7939 3.03311 19.014
 29.7062 25.2623 72.0294 106.016 16.5753 3.21367 18.0351
 27.8037 26.8324 83.6106 98.3406 16.5347 2.85166 16.9872
 28.6394 31.5386 75.3213 91.1359 14.9618 3.34715 18.4125
 16.6178 15.6046 81.0622 88.6632 24.1408 3.50649 20.7295
 24.9907 17.3692 68.2433 86.2409 15.6004 2.39655 16.9089
 26.7824 20.9556 76.564 107.712 22.6868 2.05936 13.659
 18.6212 25.2083 76.5607 109.304 20.8189 2.6907 15.7024
 30.4804 19.9827 73.3391 105.708 14.0168 2.63803 16.6777
 27.0442 18.6188 89.9278 104.137 15.9069 2.76168 16.9778
 25.332 22.7927 74.0478 105.396 18.3095 3.10165 14.9817
 30.7385 27.5327 94.4297 89.7058 10.3546 3.54322 16.9825
 14.9001 22.0757 85.2051 88.6136 14.4397 2.43959 18.4331
 20.5965 27.4841 89.4812 87.416 13.7329 2.84105 16.6547
 22.9154 39.1435 96.6888 80.2677 13.2153 3.08287 19.6135
 17.9306 20.793 89.3516 92.5165 10.991 2.40165 17.9769
 19.9363 19.7269 86.9156 107.323 11.3542 3.85435 18.6872
 29.0203 21.7894 81.3664 93.7312 22.4708 2.40268 15.9517
 10.4051 22.6222 76.6461 94.1294 11.371 2.61594 11.5768
 21.5179 23.834 91.4667 89.6533 16.8155 2.96344 13.2516
 13.6949 16.0771 89.244 105.041 19.7336 3.42722 16.911
 18.3709 24.1662 89.117 108.072 13.7247 2.77335 16.8674
 20.2141 18.8834 85.4996 86.1315 13.7085 2.88262 14.3143
 26.6958 25.7001 83.6397 92.4262 12.5159 3.24097 19.4367
 22.5463 24.9515 91.2671 101.467 21.1098 4.39421 21.2957
 34.5578 30.3939 98.1808 101.911 14.3823 3.87323 12.8436
 22.7189 23.8806 105.511 98.6672 20.6661 3.06754 16.8335
 20.7674 21.4745 92.1007 95.9056 15.7544 2.89434 15.8037
 12.733 20.5607 79.8488 99.0547 10.9659 2.56666 18.3068
 13.8279 21.6762 75.6352 96.523 17.7645 3.33555 15.8253
 29.9677 22.6051 75.6274 100.721 17.1316 4.08802 17.805
 16.8144 22.1299 78.917 81.8053 22.6101 3.15057 15.4376
 26.9344 33.9198 74.9438 93.9596 16.3035 2.66924 16.0805
 30.3702 34.4705 78.3845 101.011 24.997 3.22137 18.1034
 24.8416 30.4343 85.937 97.9085 16.9165 4.68421 19.5571
 12.317 25.3948 78.7165 100.991 8.47363 3.10071 12.5456
 25.2242 39.6731 72.5761 85.6484 10.4756 3.09995 15.0298
 34.3976 35.2776 82.6764 94.3906 11.3639 2.91196 13.3384
 23.4588 33.2313 91.5145 79.4619 16.5146 2.63194 13.7093
 23.4677 39.808 79.2466 83.7597 20.3748 2.88238 17.9267
 33.8176 42.1478 80.1353 85.0459 12.6284 3.76996 18.6749
 45.1299 42.4234 90.5564 109.375 9.98842 3.18855 18.656
 38.8034 43.4668 75.1885 78.6975 14.7562 2.82878 18.0725
 28.984 34.9819 91.5023 75.7214 10.5779 2.48329 17.6435
 33.387 23.8308 96.8706 90.9769 15.797 3.33792 18.0907
 42.8879 27.8424 92.2116 106.025 22.4763 3.71388 24.3928
 27.6434 23.7802 87.7622 98.0814 17.2349 3.18983 21.2193
 31.266 34.1309 75.3123 101.902 11.996 2.76715 20.2971
 30.3347 32.6513 74.7029 91.3729 15.9791 2.50502 15.1713
 19.2752 35.6296 85.0315 89.3912 9.7225 2.59916 15.1437
 27.7843 29.3338 95.2342 82.9542 23.416 3.03356 18.0221
 14.3888 44.5373 81.5585 94.0443 12.3468 3.2495 18.2928
 21.9189 27.2698 83.4109 110.526 17.4794 3.79503 16.8644
 18.3664 32.7331 79.7783 82.8603 13.418 3.04752 15.7923
 22.2289 33.3051 74.9135 107.549 15.4254 3.77039 17.175
 27.6902 17.514 74.4351 81.9113 11.7847 2.78491 14.106
 23.7348 22.842 79.2776 84.7651 16.0662 4.03402 15.0364
 27.6934 22.487 92.642 85.921 15.2448 2.92715 19.98
 21.2646 24.1088 78.7955 95.3648 17.9689 3.20841 15.2309
 11.6131 25.4566 94.7463 105.51 9.28916 3.68551 20.6871
 30.7678 28.5518 72.5246 120.013 16.4708 4.04581 20.2057
 18.8237 17.0684 62.5867 113.063 13.4508 4.74751 13.706
 32.544 48.3929 92.4111 89.8785 13.8077 2.6913 18.8183
 27.116 24.4871 91.1175 103.767 12.4828 3.47481 16.2829
 18.2277 23.4982 79.2113 93.4728 10.7656 2.52331 15.1937
 24.7069 21.9419 74.0608 99.8095 10.8015 2.93933 16.0657
 25.4202 23.3661 64.7713 100.878 8.38966 2.77691 17.5666
 16.2146 23.7949 83.2735 99.4611 19.0782 3.65081 15.4621
 15.6094 38.1009 81.3755 91.5949 15.8857 2.74565 15.4384
 15.8585 29.4843 87.3322 71.1708 16.1851 3.14735 15.0528
 24.2526 31.1577 83.9292 87.5993 13.889 3.9932 13.2793
 22.0303 34.5709 86.9913 86.646 22.7294 2.1132 15.5556
 33.6512 46.9526 100.533 87.2664 14.201 3.20391 18.1062
 17.3364 35.8374 106.002 84.1695 12.56 3.11822 16.1368
 23.8874 37.0407 94.6274 73.1327 13.4001 3.97587 12.7242
 26.3798 38.8496 79.6607 88.2796 15.1 3.10799 14.0492
 18.6325 33.7449 86.6328 82.8649 14.9394 3.75474 14.9007
 19.9195 30.3945 80.3455 84.6422 12.7441 3.22182 16.6101
 13.9473 36.3746 74.6226 77.1764 12.1307 3.22408 15.0041
 13.5222 30.3278 81.0693 68.8831 9.33128 2.51155 13.4889
 34.788 34.0531 88.5269 93.4858 17.8787 3.58169 14.0262
 21.5278 35.0917 87.5255 92.5808 18.8089 3.91454 15.3363
 21.5633 37.2981 84.762 83.0545 11.4845 3.65626 12.595
 24.9643 29.3199 89.6908 66.95 11.009 2.91951 12.6895
 25.9216 28.6655 90.5825 95.311 11.6181 3.59096 16.9919
 33.3077 38.2538 79.274 96.7142 13.9218 4.0268 13.7977
 21.6397 33.8531 71.228 76.0699 12.8394 3.18631 15.797
 19.7745 29.552 69.8756 69.05 11.6766 2.75138 13.8536
 17.2222 38.7035 69.0373 66.905 7.32574 3.54442 13.1833
 22.2149 51.0612 86.8756 82.5195 6.4532 2.98445 18.801
 25.5044 43.5252 81.5018 91.2455 7.27574 2.98748 21.5777
 17.6898 42.4428 71.8905 88.6842 6.43402 2.50918 14.2067
 17.0189 32.8311 77.5179 82.7831 9.97194 2.88692 15.1873
 20.1847 35.3026 65.1044 79.5135 7.93585 2.72305 15.791
 29.7343 30.1996 77.9106 98.9113 12.3768 4.15429 18.1898
 28.4889 35.9956 72.1345 91.2841 13.8707 3.37798 15.4365
 28.6125 44.9319 70.7134 76.6503 13.2149 2.97758 13.599
 19.5947 40.8213 78.0545 78.381 10.1792 4.19415 12.2859
 33.1685 44.7656 86.3162 76.9908 9.81297 3.1765 15.3595
 30.2781 40.2529 83.2611 66.0305 15.2805 3.27737 17.7591
 31.1543 32.8228 97.1487 77.5844 9.53988 3.28031 15.4481
 23.8728 36.1796 93.5055 81.9886 13.9836 3.43483 15.436
 22.2012 49.9741 78.2846 95.2439 15.6512 4.0718 17.3492
 25.1885 36.6236 70.2074 83.9545 15.4833 3.61373 16.1626
 34.8397 29.0994 76.652 81.1963 15.006 3.16684 15.3462
 37.6014 27.1239 83.8251 86.6999 19.6121 2.69693 19.8784
 32.6764 35.5669 81.9729 97.6195 17.0131 3.98262 19.5713
 47.2576 36.857 97.6656 108.911 11.2631 4.21307 17.6115
 19.9628 25.0796 86.4028 112.393 19.8297 3.49001 17.417
 31.0022 32.0774 78.67 92.0962 21.9239 4.0327 17.6165
 19.8427 20.0337 77.4304 99.68 24.8785 4.54247 17.8314
 29.2994 14.5013 78.4959 91.667 24.4894 2.71705 18.4282
 51.6264 35.2205 80.7352 82.8917 19.4071 3.84632 18.736
 28.8182 37.0097 89.4382 95.4257 19.9402 3.26464 16.151
 22.7866 25.0826 101.861 103.165 13.0995 4.11962 18.5578
 17.2885 24.8835 94.3294 96.5078 13.8867 3.62263 19.6407
 12.8449 23.278 73.8473 86.1124 13.4004 3.05475 17.8749
 24.9208 27.7452 85.3129 91.5837 16.5241 3.75303 16.2884
 14.0047 36.0863 73.0655 84.0363 12.6723 2.963 17.9682
 20.4501 29.8261 72.1364 93.1884 19.8465 2.45578 14.1412
 16.4526 26.2813 86.1052 85.0502 9.4343 3.32716 16.2059
 29.5439 25.6129 71.7489 75.7732 18.1736 3.17168 13.1157
 24.7803 18.9921 74.8547 99.1963 20.5729 3.34509 14.1341
 34.3388 32.5409 77.9122 83.5683 13.8505 3.02657 21.0107
 37.9928 26.0776 86.0264 92.4024 18.764 4.05277 14.1237
 17.0869 18.9612 93.625 111.556 9.14808 4.07812 17.8411
 28.5072 32.4331 70.4511 96.4303 18.2427 2.28889 13.2859
 22.8052 30.1998 81.8385 103.851 22.9007 3.17945 16.9743
 31.966 28.0111 76.1349 101.042 28.4585 2.7901 20.0519
 21.2784 19.187 71.6358 98.3889 17.4107 4.08262 21.5888
 21.3266 23.3927 72.3005 94.6338 21.359 3.62699 14.6031
 18.7257 37.2477 86.7161 83.8644 18.7694 3.44697 14.5967
 27.6047 23.6623 99.5822 85.3407 12.7398 2.71028 17.5506
 15.9725 15.9184 104.336 75.4924 11.8991 3.15901 12.8808
 17.1347 17.1602 114.422 83.2774 16.2116 2.51276 16.9706
 33.8616 16.7342 107.563 80.9791 10.8058 3.15744 17.606
 17.2925 30.5526 94.8427 98.9422 15.932 2.84033 22.6001
 25.6843 21.7119 76.287 86.2409 14.933 3.27517 16.1229
 22.8409 23.1898 89.373 90.6171 15.1438 3.87026 14.903
 22.3989 22.5208 83.5236 111.068 14.3979 3.55615 18.8564
 18.7237 25.0551 75.6893 92.7896 18.3545 2.51511 13.987
 24.5732 26.2405 92.1398 82.4707 15.867 2.61983 13.2061
 34.0765 31.454 81.8509 105.611 15.8882 3.20676 21.8931
 21.121 23.4474 91.9872 119.612 11.0639 3.3754 18.2314
 20.9632 28.6817 82.3903 109.484 16.2424 3.39352 16.4192
 25.8206 34.7779 79.0863 108.234 18.9692 3.24167 20.0511
 16.3828 33.96 79.7008 81.1572 13.029 2.7893 18.9
 20.0388 25.5344 71.4659 96.2316 17.2401 2.01221 19.8851
 20.3214 23.8371 84.362 97.5747 10.4428 1.90355 15.6814
 15.9722 25.1308 90.9281 97.9331 9.66248 3.11571 19.7844
 21.7692 39.4301 78.9509 89.3096 16.2556 2.53239 18.8637
 18.3785 34.3849 80.26 88.9506 16.0796 2.69991 14.065
 17.6334 33.1915 81.8186 113.365 11.3505 2.61647 17.7408
 18.855 22.7351 88.8672 105.407 16.3615 3.51825 21.6666
 24.167 25.8954 78.0692 91.701 11.6495 3.46371 20.5777
 23.1229 28.0984 86.5164 90.8366 14.7439 3.7393 23.2877
 18.6528 16.8912 104.822 93.1656 10.1268 4.3988 20.1929
 17.2304 38.6764 73.1381 101.627 14.9588 2.13691 16.7187
 17.8439 23.8257 91.3997 97.6201 16.2796 3.283 16.4819
 25.2071 15.5112 94.1043 103.351 14.12 3.54073 16.0386
 20.4396 17.7563 88.8156 90.4945 17.6291 2.90046 13.1341
 26.5647 20.9423 84.138 105.898 13.3139 2.43603 17.5008
 26.4479 18.6184 92.934 95.1073 13.841 2.99242 16.5654
 20.2772 22.1689 93.2951 84.4679 13.9918 2.50964 16.7281
 15.094 26.8941 111.114 106.411 15.5138 2.74551 21.9513
 10.8069 23.2239 77.9685 97.2137 12.4732 2.8987 15.6552
 28.1697 19.2955 102.902 109.983 14.5092 4.33358 24.225
 27.5968 24.8787 82.7906 93.4147 15.2231 4.46209 16.4885
 21.6302 32.3987 85.5998 84.3429 10.3921 2.19687 13.9466
 23.1626 26.6147 77.4466 108.949 8.81174 2.834 16.7999
 32.7568 23.1692 78.3793 121.517 10.8934 2.89336 21.4278
 29.6811 22.2756 81.4033 101.912 13.8665 3.68559 20.342
 18.2309 12.527 93.3206 85.1747 12.1562 2.63918 15.5807
 12.6132 26.3716 82.2374 79.5563 12.2843 3.72996 17.932
 19.406 29.7901 66.0781 82.4789 13.5657 1.79382 13.3417
 27.0927 45.9615 77.4325 93.3501 8.99654 3.40732 16.3316
 20.7856 30.6058 74.1606 88.1462 12.1842 3.56146 16.1332
 23.5657 16.2021 62.6195 91.6568 17.3834 3.45822 11.2648
 40.3553 21.1304 79.4357 91.651 19.0119 3.36891 14.7673
 41.5401 21.1511 83.8868 103.925 18.8133 4.01025 19.5765
 48.5126 23.7055 78.8855 115.989 16.4471 3.27207 14.4275
 26.1659 23.6228 73.2539 99.887 19.4993 2.90186 14.1953
 33.1132 22.0871 75.5285 116.177 21.5552 3.1563 18.9599
 24.1787 22.8022 83.9047 122.534 16.9459 3.3527 15.7952
 29.0182 28.9627 74.076 106.247 23.4636 2.81446 18.6779
 24.3915 30.9991 74.7249 80.3555 15.7626 3.28905 18.2511
 17.3454 40.4263 80.0218 105.278 11.2341 3.28491 18.0259
 23.0243 36.0349 90.8639 106.369 8.87697 3.03411 19.7258
 30.0663 25.6446 79.5762 106.06 18.2256 3.69159 13.3095
 27.6308 17.2344 89.6451 92.4442 10.4365 3.09464 15.1343
 15.873 18.2045 85.9238 105.836 13.9631 3.21958 19.7131
 17.3459 14.462 69.7353 87.6518 17.1775 2.74021 17.4205
 26.1077 27.8122 69.8365 80.0828 10.1197 2.85918 13.0292
 20.4443 29.1251 75.7018 75.9535 9.83142 2.84121 14.3309
 42.6523 17.8031 78.7565 102.37 14.7553 2.2669 18.5215
 30.0243 16.2454 84.8735 96.6753 14.6912 2.96115 11.8652
 19.0525 24.3575 76.9234 104.625 14.8274 4.13653 18.6465
 22.3291 40.4848 86.1068 94.0359 12.6442 2.28748 19.4571
 29.3236 33.4862 72.8055 102.898 12.7738 3.01124 17.5255
 26.154 17.1594 82.6818 91.1157 19.4557 2.37558 13.3019
 31.6049 28.525 88.6102 103.91 16.0979 3.07818 15.3205
 13.9623 19.0162 77.3929 93.1405 25.9068 3.13224 16.1584
 18.4591 37.7713 92.7572 95.1407 15.5313 2.84451 12.9474
 29.0639 41.9284 86.8785 98.7696 13.8222 3.80232 20.8135
 19.9989 21.9884 73.8591 105.986 11.7822 3.06791 16.9465
 20.0733 31.4238 80.1818 91.2587 15.295 1.96527 17.6896
 21.0335 29.3587 83.6412 98.5038 18.6716 3.26771 16.162
 25.5187 26.4007 96.1057 112.138 15.049 3.83258 17.9485
 24.4541 24.2597 75.9708 100.601 11.2705 3.0968 15.051
 19.0083 23.2009 81.6529 109.533 17.766 2.91966 15.1422
 13.6339 14.7105 95.8262 102.8 14.4798 2.54866 18.2851
 28.5359 17.3798 83.4601 94.9796 16.3802 2.12822 14.4712
 26.0232 25.3741 66.8351 98.9743 13.3671 4.24144 17.0596
 18.7802 25.5026 71.2446 97.2582 12.3008 2.97438 16.95
 38.5269 32.364 78.8244 108.459 16.1939 2.15067 22.5676
 45.1307 32.3228 81.7286 101.62 13.8873 2.96377 20.8831
 23.0166 36.9799 77.1989 84.1234 11.1813 2.04529 17.9076
 21.0011 39.2933 80.1266 91.6191 14.2402 2.283 20.3885
 16.436 37.8503 73.759 85.7838 12.8021 3.65824 19.424
 22.322 25.0904 71.7832 88.1567 15.278 3.58767 18.455
 21.75 23.0401 87.564 98.9144 15.343 3.3561 15.2571
 17.8861 22.8085 86.1482 93.864 13.0505 3.28082 16.6798
 24.3765 26.2737 83.2291 92.685 19.3559 2.98921 16.9544
 23.3216 24.3422 85.1076 113.991 21.3012 3.62167 18.8347
 32.3527 23.9165 74.777 112.933 19.7046 2.61588 18.7748
 22.545 20.8134 74.1608 93.6737 17.8799 3.16715 14.8541
 29.7347 19.4343 74.1505 113.2 15.7391 3.34626 18.9493
 21.0093 26.6102 73.5771 106.04 17.59 3.83156 18.6752
 29.5235 25.314 69.4483 111.298 20.2288 4.60873 17.3817
 19.7229 29.6674 73.1843 117.412 13.8095 3.41825 19.7186
 21.1852 17.1514 85.8184 121.481 17.2634 4.6698 22.3589
 10.9175 23.3439 85.2177 108.428 20.6906 2.75084 20.0308
 22.7736 37.2987 80.2208 81.6699 11.1289 2.2992 12.6523
 27.5477 31.0063 84.1264 88.8175 19.0334 4.23213 19.8627
 17.6813 18.8294 85.1536 94.5877 25.9085 4.32843 19.8857
 19.6844 35.6351 95.1014 108.316 13.7774 4.81587 15.1731
 19.654 33.9353 82.7839 94.8976 15.7876 4.22582 18.4446
 31.1092 32.8341 80.1296 91.5261 14.8023 3.81608 14.2368
 28.3092 18.6314 82.5278 101.611 15.5375 2.93433 17.06
 13.1758 24.7122 78.1944 89.0591 13.5389 3.39336 14.9615
 11.249 37.6 86.2692 84.8892 12.7319 3.02261 14.2432
 26.2414 37.032 77.1029 81.0825 16.9086 2.88959 15.0345
 14.6065 35.5985 83.7536 85.1641 13.3896 4.32364 19.0818
 24.1847 16.8057 90.9588 95.9477 13.9259 2.708 14.1947
 23.4157 15.5701 85.4171 97.1296 20.702 3.84084 15.7145
 17.4426 13.69 93.7326 105.112 19.1583 2.89251 15.5323
 39.5198 18.0135 75.1851 109.348 15.644 4.03963 16.7683
 30.5217 22.5765 72.5291 103.106 13.7242 4.04235 14.0728
 26.6377 23.5222 89.8963 110.832 15.6408 4.23129 21.5742
 14.0914 16.8471 87.9093 101.972 18.6579 2.99441 18.706
 23.0616 17.0456 97.6352 98.4599 15.1685 3.46237 15.0307
 26.1876 12.4482 94.5151 90.1596 16.9404 2.31555 16.4453
 29.4535 15.2411 94.9605 102.336 20.3715 2.9079 16.9648
 45.5424 27.3844 89.5616 116.915 14.1774 2.81414 12.2863
 23.3195 29.163 99.6077 103.668 20.6855 4.31781 20.7537
 12.9749 29.6681 88.2753 103.728 24.2699 2.65985 14.7133
 10.5138 31.8448 80.7438 98.6626 19.9935 2.89703 15.9618
 16.7144 29.9404 74.9232 110.014 20.8038 2.70823 20.6544
 17.9217 32.9797 84.4421 90.8515 9.63831 1.88934 15.2702
 14.9845 20.6847 74.7779 109.937 12.13 2.2417 16.4202
 19.051 22.13 88.2518 87.5962 8.81672 2.34155 13.2239
 37.1199 22.3133 73.2901 116.449 14.6102 2.87637 16.1902
 23.1448 21.5751 78.0437 101.987 13.9848 2.8072 16.7597
 33.5679 18.9379 66.5798 97.0529 13.4091 2.34512 14.0949
 18.8149 17.7697 79.785 72.2915 15.7444 1.80756 13.473
 24.4772 19.6027 86.9859 73.6428 17.1219 2.76778 18.6584
 15.6284 13.7291 80.5609 75.402 14.4813 3.09539 16.872
 10.264 21.6273 79.4746 84.2676 18.3698 3.09904 12.2845
 12.8497 27.3861 89.8073 99.6682 20.1944 2.85436 19.1473
 19.4555 24.0423 90.9226 110.718 21.1857 2.54474 16.7973
 25.717 19.2191 77.8778 126.068 16.2361 3.73756 21.5671
 30.5428 17.6201 69.191 111.608 20.1289 3.23773 23.3369
 26.824 11.7484 64.7756 93.247 20.8032 2.12371 15.4448
 27.7761 13.9724 66.383 97.8039 24.3629 2.05635 15.0277
 14.6356 16.3282 62.4242 98.7981 19.2379 2.18857 14.9294
 27.5225 18.5824 64.3759 107.557 16.5756 2.79635 15.7487
 16.3428 15.6711 76.4196 95.9631 20.7573 2.88265 16.3652
 41.7285 18.1785 78.126 100.469 22.3611 4.26109 17.2363
 29.32 13.9391 81.9765 107.157 14.9302 3.5799 19.6753
 25.8263 15.8282 81.1732 99.0966 16.1757 2.649 18.1196
 28.471 20.3717 66.3149 102.598 17.239 3.29581 17.0692
 41.2727 20.1642 77.4601 96.2946 19.3775 2.79666 16.3407
 19.7833 15.3948 65.9036 90.7618 12.7824 2.7812 14.0767
 7.84163 24.6372 77.6355 93.5118 15.4316 3.38592 16.6738
 21.8633 23.3885 66.1291 107.228 23.6301 2.34214 15.4775
 26.4457 19.5529 80.7652 103.067 14.7836 4.01272 19.7796
 22.6498 16.0417 79.7762 97.0536 14.8535 2.83708 18.0927
 23.2828 19.4548 72.3781 100.995 16.2406 2.16907 17.6876
 24.4142 17.4239 69.7285 113.798 25.2979 3.4532 16.0369
 16.3098 22.6932 73.0499 105.253 13.992 2.68641 13.1711
 18.4437 15.4202 90.3388 95.6624 16.7721 5.02078 16.4093
 17.6274 14.6012 77.3958 104.262 11.1665 2.58068 16.7782
 12.5408 16.4048 93.2801 105.041 13.5499 3.02536 18.1771
 14.8253 14.692 86.2726 114.357 12.3482 3.14413 18.8904
 17.4293 13.4034 82.6878 115.168 17.7673 3.66745 17.7504
 21.0888 13.6094 97.6962 106.492 21.7885 3.95558 16.6979
 21.3723 14.201 90.4633 118.288 17.9636 1.78935 15.8133
 23.5717 14.6952 76.5044 102.178 20.163 1.7994 13.8238
 16.1236 11.0866 85.068 118.655 18.6013 2.58012 16.4915
 19.4724 12.1276 88.81 135.726 22.5749 3.1583 21.2055
 18.8878 10.82 96.9177 134.564 17.8279 3.32583 17.2364
 16.7506 11.4353 82.6664 118.156 15.8455 3.2753 14.5164
 12.04 10.9026 74.5216 122.932 24.091 4.8194 16.4349
 14.9041 10.8323 72.5875 134.776 17.6755 3.40657 19.2999
 21.6126 14.5978 69.9948 135.043 18.1585 3.84483 21.5756
 28.5701 11.8948 65.089 108.942 12.6521 3.03295 16.6957
 32.4684 16.8427 89.287 102.804 13.9524 2.48828 19.3358
 26.5036 21.4822 80.7061 112.068 19.3216 2.82979 14.5658
 29.5946 21.7866 73.5839 102.226 14.0627 3.63751 16.7057
 26.9047 18.9959 78.8742 107.268 19.3231 4.908 19.1919
 21.5485 15.1933 86.1159 110.756 17.1692 3.67073 18.5521
 19.8764 18.3067 74.6229 118.752 16.1109 2.73507 17.8422
 37.4597 25.8303 72.4345 111.078 20.1546 3.6912 22.2693
 26.4657 24.0705 59.584 105.781 18.82 3.81038 16.8476
 20.4234 19.9694 66.0602 105.672 17.5125 3.83941 18.9257
 19.2804 20.9845 73.582 102.563 18.9697 4.10609 17.3647
 35.1619 20.6711 70.3925 95.0939 17.9405 3.49708 18.9289
 31.347 25.3602 82.8813 90.5472 21.4411 4.12308 16.5266
 27.7023 17.8336 73.2325 93.3136 16.3015 3.56583 14.7726
 27.4491 17.8681 84.8941 110.17 17.9287 4.2274 19.6453
 32.8648 16.6958 83.0214 97.9277 18.2701 3.2247 17.1184
 19.4214 14.7136 75.5423 107.946 17.1295 2.8444 14.8524
 17.22 15.8853 95.2994 115.948 17.6421 3.83206 16.4115
 30.3973 16.6105 88.6446 103.3 18.2543 2.98567 16.2376
 20.5444 17.9278 79.2914 104.577 18.6588 3.29093 17.1404
 19.087 12.067 91.5906 97.2 19.5904 4.4959 17.017
 27.5 13.5639 85.395 95.6184 22.9854 2.96439 14.7828
 28.5083 16.0652 85.4156 95.4814 21.6586 3.39952 16.1554
 23.5239 11.0537 87.4464 93.0244 17.8049 3.0384 18.2408
 25.3452 13.8729 84.821 104.138 16.7349 3.44542 16.6826
 16.6985 11.0087 87.5657 103.2 18.1527 2.33163 16.9738
 22.1564 9.90977 84.192 97.7571 11.6186 2.18569 13.7913
 21.0019 11.3954 95.3627 95.9112 17.1009 2.77922 16.3588
 21.7132 12.1929 90.1045 107.929 19.3876 3.32618 18.6949
 22.0939 16.8784 91.0725 118.694 16.9611 3.06947 22.7012
 13.95 16.8294 75.4745 126.693 19.272 2.84652 16.0731
 18.9406 16.9291 74.3677 115.299 23.8401 2.7781 18.2269
 41.3932 20.4141 66.2941 97.8605 13.5987 2.09032 15.5709
 25.3126 15.6899 85.9933 102.702 13.3435 3.42918 14.633
 26.0371 15.8895 79.3513 90.1266 11.1431 2.98375 14.5472
 19.4993 22.85 76.6809 88.8283 18.9565 3.97615 16.0843
 17.404 21.8003 95.2116 126.798 16.7528 3.47371 18.6424
 23.7053 19.9382 84.8743 105.223 16.6566 2.97238 15.8629
 28.4473 19.5955 79.1724 90.9722 25.8457 2.87617 16.7065
 22.3811 18.6558 72.8048 88.1524 18.3465 2.80988 18.6941
 25.45 21.6851 78.0334 89.7709 16.3607 2.95726 15.2519
 20.5879 20.9181 85.3254 90.7017 20.615 4.6261 17.3632
 25.5153 28.9241 86.7154 80.4174 19.8722 3.89072 17.4579
 29.0646 32.1787 63.7772 89.7866 10.0799 2.87218 11.5075
 16.3614 22.6562 81.5075 85.5599 13.2724 3.4352 18.659
 19.2957 25.0285 79.6298 87.0581 9.86343 3.66485 13.3198
 22.8028 25.8065 92.8655 101.737 23.4488 4.57492 15.7231
 16.0844 24.4749 78.5462 96.4157 16.0901 2.03721 19.3721
 24.8075 31.3471 67.9185 93.5381 14.6731 1.77364 14.4252
 18.4849 25.7328 74.5079 90.113 11.4992 2.67385 15.4523
 34.3378 22.8879 74.8687 106.584 14.3395 2.52001 18.9983
 20.949 24.0366 82.4398 106.783 20.3615 3.74854 15.9545
 23.6643 26.5864 89.0625 97.1921 15.9431 2.60656 20.3119
 15.9829 23.1706 86.0818 109.81 9.20612 4.38429 15.6628
 15.0257 30.1263 65.6267 97.5211 15.7422 4.02196 13.7621
 15.1411 27.9196 79.2063 106.862 14.7814 3.59268 18.7767
 20.6429 26.414 69.0923 100.086 19.3696 3.19412 13.8833
 22.9166 21.924 88.4542 90.7095 18.9211 3.37665 15.445
 18.3336 34.1148 63.4369 89.8704 15.4564 2.54709 13.0591
 31.5655 27.2722 68.2486 85.049 13.0364 2.0634 12.4301
 26.3715 39.8765 76.2173 88.1767 12.3711 2.20092 16.6021
 16.1298 36.6811 80.4914 90.5712 12.063 3.12745 14.1489
 18.6084 27.443 96.844 101.817 15.4262 3.24906 18.6798
 19.2793 29.6456 103.301 83.9858 14.5622 3.22681 16.9518
 11.7208 22.9218 102.168 95.8138 13.4619 3.48759 20.4855
 32.3476 22.8563 113.373 92.943 16.4648 3.24419 18.5557
 18.5749 13.9131 84.6345 90.7659 18.7011 2.93437 15.0047
 37.9638 21.9371 88.0549 85.6445 24.347 2.06125 16.3635
 28.5451 24.5235 85.0441 83.8713 16.0613 2.48814 15.7907
 29.3554 30.363 87.1561 90.03 16.0824 2.49496 15.0685
 23.9047 23.2221 97.0885 95.622 13.8231 3.62999 14.8591
 18.2996 27.9588 76.8618 92.251 25.1353 3.48061 16.0314
 24.4101 12.6412 78.9092 112.748 14.6935 3.01077 21.3553
 16.014 16.1018 73.0889 120.519 10.8121 2.11761 17.7521
 24.3229 17.7996 102.211 109.128 10.3782 2.43788 19.3034
 18.3169 24.6369 75.1117 88.8254 14.5173 2.48919 13.0625
 26.4256 28.6228 72.1262 86.3048 19.2605 3.35416 16.5637
 15.4613 30.3326 74.2025 103.908 17.6177 3.81723 13.9016
 29.3251 38.8102 79.2666 105.259 9.793 2.93444 19.5564
 28.649 39.4544 77.2587 92.6106 10.2433 3.39824 17.0442
 25.8711 38.4791 87.3305 97.8759 10.4722 3.2537 18.4824
 29.4807 30.6099 94.3517 85.8933 14.0843 2.26555 16.352
 25.1183 25.0179 85.9134 97.6714 12.8739 2.87309 13.622
 30.2526 20.8185 84.3256 103.304 14.8191 3.27382 16.4648
 34.6322 19.6783 81.1748 102.355 23.0374 2.51958 17.3407
 31.1629 22.5267 70.6116 87.9672 12.5851 2.28162 13.7915
 22.2096 31.3925 77.3997 94.1205 24.9547 3.80894 19.334
 13.0688 26.5564 79.4636 111.738 15.2537 3.89552 16.3086
 13.5952 33.3987 81.0304 113.384 21.9819 3.53771 19.882
 34.0608 25.2249 86.8538 98.4943 12.1657 3.33667 16.9164
 18.9872 28.5844 87.4166 113.739 19.1909 4.36039 20.5352
 20.3967 22.8531 86.9845 109.987 16.4419 3.23317 14.3395
 13.2964 26.7786 68.6851 107.02 13.3351 2.68007 14.1998
 23.4799 33.0792 98.4387 81.0238 12.6181 2.50339 17.0673
 27.8593 37.2752 82.4797 113.227 15.8886 2.85037 18.8004
 27.7425 34.9066 81.8756 94.2374 19.4735 3.65037 18.0058
 22.3037 21.1148 71.1961 89.7445 17.079 2.56376 17.0882
 24.8449 27.8059 95.305 110.227 21.8165 4.42172 22.2787
 18.7079 34.3327 81.4784 98.6487 19.2422 2.99918 19.6854
